  0.0004	  0.0006	 -0.0864	 -0.2922	  1.0000
  0.0008	  0.0006	 -0.0854	 -0.2890	  1.0000
  0.0012	  0.0006	 -0.0826	 -0.2807	  1.0000
  0.0016	  0.0006	 -0.0777	 -0.2671	  1.0000
  0.0020	  0.0006	 -0.0710	 -0.2500	  1.0000
  0.0024	  0.0006	 -0.0631	 -0.2331	  1.0000
  0.0028	  0.0006	 -0.0545	 -0.2203	  1.0000
  0.0032	  0.0006	 -0.0449	 -0.2137	  1.0000
  0.0036	  0.0006	 -0.0336	 -0.2137	  1.0000
  0.0040	  0.0006	 -0.0212	 -0.2186	  1.0000
  0.0044	  0.0006	 -0.0092	 -0.2264	  1.0000
  0.0048	  0.0006	  0.0002	 -0.2344	  1.0000
  0.0052	  0.0006	  0.0065	 -0.2406	  1.0000
  0.0056	  0.0006	  0.0107	 -0.2439	  1.0000
  0.0060	  0.0006	  0.0156	 -0.2450	  1.0000
  0.0064	  0.0006	  0.0236	 -0.2454	  1.0000
  0.0068	  0.0006	  0.0352	 -0.2471	  1.0000
  0.0072	  0.0006	  0.0486	 -0.2505	  1.0000
  0.0076	  0.0006	  0.0602	 -0.2549	  1.0000
  0.0080	  0.0006	  0.0676	 -0.2588	  1.0000
  0.0084	  0.0006	  0.0705	 -0.2615	  1.0000
  0.0088	  0.0006	  0.0706	 -0.2634	  1.0000
  0.0092	  0.0006	  0.0694	 -0.2654	  1.0000
  0.0096	  0.0006	  0.0677	 -0.2683	  1.0000
  0.0100	  0.0006	  0.0661	 -0.2721	  1.0000
  0.0104	  0.0006	  0.0649	 -0.2760	  1.0000
  0.0108	  0.0006	  0.0646	 -0.2789	  1.0000
  0.0112	  0.0006	  0.0647	 -0.2805	  1.0000
  0.0116	  0.0006	  0.0649	 -0.2812	  1.0000
  0.0120	  0.0006	  0.0170	 -0.2800	  1.0000
  0.0124	  0.0006	 -0.0309	 -0.2787	  1.0000
  0.0128	  0.0006	 -0.0788	 -0.2771	  1.0000
  0.0132	  0.0006	 -0.0787	 -0.2770	  1.0000
  0.0136	  0.0006	 -0.0784	 -0.2762	  1.0000
  0.0140	  0.0006	 -0.0777	 -0.2731	  1.0000
  0.0144	  0.0006	 -0.0767	 -0.2667	  1.0000
  0.0148	  0.0006	 -0.0756	 -0.2566	  1.0000
  0.0152	  0.0006	 -0.0750	 -0.2458	  1.0000
  0.0156	  0.0006	 -0.0749	 -0.2365	  1.0000
  0.0160	  0.0006	 -0.0751	 -0.2302	  1.0000
  0.0164	  0.0006	 -0.0745	 -0.2260	  1.0000
  0.0168	  0.0006	 -0.0715	 -0.2229	  1.0000
  0.0172	  0.0006	 -0.0644	 -0.2203	  1.0000
  0.0176	  0.0006	 -0.0533	 -0.2187	  1.0000
  0.0180	  0.0006	 -0.0405	 -0.2185	  1.0000
  0.0184	  0.0006	 -0.0291	 -0.2196	  1.0000
  0.0188	  0.0006	 -0.0208	 -0.2207	  1.0000
  0.0192	  0.0006	 -0.0146	 -0.2199	  1.0000
  0.0196	  0.0006	 -0.0081	 -0.2159	  1.0000
  0.0200	  0.0006	  0.0004	 -0.2084	  1.0000
  0.0204	  0.0006	  0.0110	 -0.1986	  1.0000
  0.0208	  0.0006	  0.0219	 -0.1893	  1.0000
  0.0212	  0.0006	  0.0310	 -0.1846	  1.0000
  0.0216	  0.0006	  0.0375	 -0.1882	  1.0000
  0.0220	  0.0006	  0.0418	 -0.2009	  1.0000
  0.0224	  0.0006	  0.0450	 -0.2193	  1.0000
  0.0228	  0.0006	  0.0475	 -0.2372	  1.0000
  0.0232	  0.0006	  0.0493	 -0.2505	  1.0000
  0.0236	  0.0006	  0.0502	 -0.2579	  1.0000
  0.0240	  0.0006	  0.0506	 -0.2612	  1.0000
  0.0244	  0.0006	  0.0506	 -0.2621	  1.0000
  0.0004	  0.0011	 -0.0862	 -0.2914	  1.0000
  0.0008	  0.0011	 -0.0852	 -0.2883	  1.0000
  0.0012	  0.0011	 -0.0824	 -0.2798	  1.0000
  0.0016	  0.0011	 -0.0775	 -0.2660	  1.0000
  0.0020	  0.0011	 -0.0708	 -0.2489	  1.0000
  0.0024	  0.0011	 -0.0630	 -0.2322	  1.0000
  0.0028	  0.0011	 -0.0545	 -0.2195	  1.0000
  0.0032	  0.0011	 -0.0450	 -0.2128	  1.0000
  0.0036	  0.0011	 -0.0339	 -0.2119	  1.0000
  0.0040	  0.0011	 -0.0216	 -0.2158	  1.0000
  0.0044	  0.0011	 -0.0098	 -0.2227	  1.0000
  0.0048	  0.0011	 -0.0003	 -0.2308	  1.0000
  0.0052	  0.0011	  0.0062	 -0.2375	  1.0000
  0.0056	  0.0011	  0.0109	 -0.2411	  1.0000
  0.0060	  0.0011	  0.0162	 -0.2414	  1.0000
  0.0064	  0.0011	  0.0244	 -0.2409	  1.0000
  0.0068	  0.0011	  0.0360	 -0.2421	  1.0000
  0.0072	  0.0011	  0.0490	 -0.2460	  1.0000
  0.0076	  0.0011	  0.0601	 -0.2514	  1.0000
  0.0080	  0.0011	  0.0672	 -0.2563	  1.0000
  0.0084	  0.0011	  0.0699	 -0.2598	  1.0000
  0.0088	  0.0011	  0.0699	 -0.2622	  1.0000
  0.0092	  0.0011	  0.0686	 -0.2647	  1.0000
  0.0096	  0.0011	  0.0670	 -0.2680	  1.0000
  0.0100	  0.0011	  0.0654	 -0.2720	  1.0000
  0.0104	  0.0011	  0.0643	 -0.2759	  1.0000
  0.0108	  0.0011	  0.0638	 -0.2787	  1.0000
  0.0112	  0.0011	  0.0628	 -0.2801	  1.0000
  0.0116	  0.0011	  0.0598	 -0.2809	  1.0000
  0.0120	  0.0011	  0.0161	 -0.2801	  1.0000
  0.0124	  0.0011	 -0.0291	 -0.2791	  1.0000
  0.0128	  0.0011	 -0.0731	 -0.2776	  1.0000
  0.0132	  0.0011	 -0.0765	 -0.2771	  1.0000
  0.0136	  0.0011	 -0.0774	 -0.2761	  1.0000
  0.0140	  0.0011	 -0.0771	 -0.2732	  1.0000
  0.0144	  0.0011	 -0.0762	 -0.2671	  1.0000
  0.0148	  0.0011	 -0.0752	 -0.2576	  1.0000
  0.0152	  0.0011	 -0.0745	 -0.2470	  1.0000
  0.0156	  0.0011	 -0.0744	 -0.2375	  1.0000
  0.0160	  0.0011	 -0.0745	 -0.2306	  1.0000
  0.0164	  0.0011	 -0.0740	 -0.2255	  1.0000
  0.0168	  0.0011	 -0.0711	 -0.2212	  1.0000
  0.0172	  0.0011	 -0.0643	 -0.2174	  1.0000
  0.0176	  0.0011	 -0.0537	 -0.2146	  1.0000
  0.0180	  0.0011	 -0.0411	 -0.2137	  1.0000
  0.0184	  0.0011	 -0.0299	 -0.2151	  1.0000
  0.0188	  0.0011	 -0.0212	 -0.2170	  1.0000
  0.0192	  0.0011	 -0.0145	 -0.2168	  1.0000
  0.0196	  0.0011	 -0.0073	 -0.2122	  1.0000
  0.0200	  0.0011	  0.0017	 -0.2041	  1.0000
  0.0204	  0.0011	  0.0124	 -0.1943	  1.0000
  0.0208	  0.0011	  0.0229	 -0.1857	  1.0000
  0.0212	  0.0011	  0.0314	 -0.1815	  1.0000
  0.0216	  0.0011	  0.0374	 -0.1850	  1.0000
  0.0220	  0.0011	  0.0414	 -0.1972	  1.0000
  0.0224	  0.0011	  0.0446	 -0.2153	  1.0000
  0.0228	  0.0011	  0.0471	 -0.2336	  1.0000
  0.0232	  0.0011	  0.0489	 -0.2478	  1.0000
  0.0236	  0.0011	  0.0499	 -0.2562	  1.0000
  0.0240	  0.0011	  0.0504	 -0.2601	  1.0000
  0.0244	  0.0011	  0.0505	 -0.2612	  1.0000
  0.0004	  0.0017	 -0.0857	 -0.2900	  1.0000
  0.0008	  0.0017	 -0.0847	 -0.2866	  1.0000
  0.0012	  0.0017	 -0.0820	 -0.2779	  1.0000
  0.0016	  0.0017	 -0.0771	 -0.2633	  1.0000
  0.0020	  0.0017	 -0.0705	 -0.2460	  1.0000
  0.0024	  0.0017	 -0.0630	 -0.2296	  1.0000
  0.0028	  0.0017	 -0.0547	 -0.2177	  1.0000
  0.0032	  0.0017	 -0.0453	 -0.2107	  1.0000
  0.0036	  0.0017	 -0.0343	 -0.2081	  1.0000
  0.0040	  0.0017	 -0.0224	 -0.2091	  1.0000
  0.0044	  0.0017	 -0.0107	 -0.2140	  1.0000
  0.0048	  0.0017	 -0.0011	 -0.2217	  1.0000
  0.0052	  0.0017	  0.0058	 -0.2326	  1.0000
  0.0056	  0.0017	  0.0113	 -0.2363	  1.0000
  0.0060	  0.0017	  0.0173	 -0.2350	  1.0000
  0.0064	  0.0017	  0.0260	 -0.2294	  1.0000
  0.0068	  0.0017	  0.0372	 -0.2301	  1.0000
  0.0072	  0.0017	  0.0495	 -0.2358	  1.0000
  0.0076	  0.0017	  0.0599	 -0.2437	  1.0000
  0.0080	  0.0017	  0.0665	 -0.2513	  1.0000
  0.0084	  0.0017	  0.0689	 -0.2563	  1.0000
  0.0088	  0.0017	  0.0686	 -0.2598	  1.0000
  0.0092	  0.0017	  0.0671	 -0.2631	  1.0000
  0.0096	  0.0017	  0.0654	 -0.2674	  1.0000
  0.0100	  0.0017	  0.0639	 -0.2719	  1.0000
  0.0104	  0.0017	  0.0626	 -0.2756	  1.0000
  0.0108	  0.0017	  0.0613	 -0.2782	  1.0000
  0.0112	  0.0017	  0.0583	 -0.2794	  1.0000
  0.0116	  0.0017	  0.0510	 -0.2803	  1.0000
  0.0120	  0.0017	  0.0142	 -0.2801	  1.0000
  0.0124	  0.0017	 -0.0257	 -0.2799	  1.0000
  0.0128	  0.0017	 -0.0631	 -0.2786	  1.0000
  0.0132	  0.0017	 -0.0712	 -0.2776	  1.0000
  0.0136	  0.0017	 -0.0744	 -0.2761	  1.0000
  0.0140	  0.0017	 -0.0752	 -0.2733	  1.0000
  0.0144	  0.0017	 -0.0750	 -0.2680	  1.0000
  0.0148	  0.0017	 -0.0742	 -0.2595	  1.0000
  0.0152	  0.0017	 -0.0734	 -0.2493	  1.0000
  0.0156	  0.0017	 -0.0732	 -0.2393	  1.0000
  0.0160	  0.0017	 -0.0734	 -0.2312	  1.0000
  0.0164	  0.0017	 -0.0730	 -0.2243	  1.0000
  0.0168	  0.0017	 -0.0704	 -0.2178	  1.0000
  0.0172	  0.0017	 -0.0640	 -0.2109	  1.0000
  0.0176	  0.0017	 -0.0541	 -0.2053	  1.0000
  0.0180	  0.0017	 -0.0423	 -0.2025	  1.0000
  0.0184	  0.0017	 -0.0313	 -0.2040	  1.0000
  0.0188	  0.0017	 -0.0224	 -0.2107	  1.0000
  0.0192	  0.0017	 -0.0144	 -0.2110	  1.0000
  0.0196	  0.0017	 -0.0060	 -0.2057	  1.0000
  0.0200	  0.0017	  0.0044	 -0.1933	  1.0000
  0.0204	  0.0017	  0.0151	 -0.1846	  1.0000
  0.0208	  0.0017	  0.0249	 -0.1781	  1.0000
  0.0212	  0.0017	  0.0322	 -0.1748	  1.0000
  0.0216	  0.0017	  0.0371	 -0.1779	  1.0000
  0.0220	  0.0017	  0.0404	 -0.1889	  1.0000
  0.0224	  0.0017	  0.0435	 -0.2064	  1.0000
  0.0228	  0.0017	  0.0462	 -0.2257	  1.0000
  0.0232	  0.0017	  0.0482	 -0.2420	  1.0000
  0.0236	  0.0017	  0.0494	 -0.2527	  1.0000
  0.0240	  0.0017	  0.0498	 -0.2578	  1.0000
  0.0244	  0.0017	  0.0499	 -0.2593	  1.0000
  0.0004	  0.0022	 -0.0849	 -0.2875	  0.0000
  0.0008	  0.0022	 -0.0846	 -0.2865	  1.0000
  0.0012	  0.0022	 -0.0817	 -0.2764	  1.0000
  0.0016	  0.0022	 -0.0769	 -0.2607	  1.0000
  0.0020	  0.0022	 -0.0697	 -0.2401	  1.0000
  0.0024	  0.0022	 -0.0631	 -0.2249	  1.0000
  0.0028	  0.0022	 -0.0558	 -0.2144	  1.0000
  0.0032	  0.0022	 -0.0461	 -0.2090	  1.0000
  0.0036	  0.0022	 -0.0346	 -0.2034	  1.0000
  0.0040	  0.0022	 -0.0223	 -0.2001	  1.0000
  0.0044	  0.0022	 -0.0115	 -0.1995	  1.0000
  0.0048	  0.0022	 -0.0013	 -0.2084	  1.0000
  0.0052	  0.0022	  0.0063	 -0.2200	  1.0000
  0.0056	  0.0022	  0.0101	 -0.2547	  0.0000
  0.0060	  0.0022	  0.0189	 -0.2185	  1.0000
  0.0064	  0.0022	  0.0276	 -0.2116	  1.0000
  0.0068	  0.0022	  0.0382	 -0.2129	  1.0000
  0.0072	  0.0022	  0.0494	 -0.2206	  1.0000
  0.0076	  0.0022	  0.0599	 -0.2352	  1.0000
  0.0080	  0.0022	  0.0663	 -0.2460	  1.0000
  0.0084	  0.0022	  0.0685	 -0.2536	  1.0000
  0.0088	  0.0022	  0.0671	 -0.2554	  1.0000
  0.0092	  0.0022	  0.0652	 -0.2609	  1.0000
  0.0096	  0.0022	  0.0634	 -0.2669	  1.0000
  0.0100	  0.0022	  0.0615	 -0.2719	  1.0000
  0.0104	  0.0022	  0.0592	 -0.2753	  1.0000
  0.0108	  0.0022	  0.0562	 -0.2773	  1.0000
  0.0112	  0.0022	  0.0507	 -0.2783	  1.0000
  0.0116	  0.0022	  0.0389	 -0.2794	  1.0000
  0.0120	  0.0022	  0.0112	 -0.2802	  1.0000
  0.0124	  0.0022	 -0.0209	 -0.2810	  1.0000
  0.0128	  0.0022	 -0.0494	 -0.2801	  1.0000
  0.0132	  0.0022	 -0.0623	 -0.2787	  1.0000
  0.0136	  0.0022	 -0.0684	 -0.2765	  1.0000
  0.0140	  0.0022	 -0.0713	 -0.2738	  1.0000
  0.0144	  0.0022	 -0.0727	 -0.2690	  1.0000
  0.0148	  0.0022	 -0.0726	 -0.2612	  1.0000
  0.0152	  0.0022	 -0.0718	 -0.2511	  1.0000
  0.0156	  0.0022	 -0.0715	 -0.2405	  1.0000
  0.0160	  0.0022	 -0.0720	 -0.2308	  1.0000
  0.0164	  0.0022	 -0.0727	 -0.2241	  1.0000
  0.0168	  0.0022	 -0.0701	 -0.2139	  1.0000
  0.0172	  0.0022	 -0.0639	 -0.2032	  1.0000
  0.0176	  0.0022	 -0.0539	 -0.1917	  1.0000
  0.0180	  0.0022	 -0.0433	 -0.1867	  1.0000
  0.0184	  0.0022	 -0.0331	 -0.1872	  1.0000
  0.0188	  0.0022	 -0.0233	 -0.1938	  1.0000
  0.0192	  0.0022	 -0.0171	 -0.2322	  0.0000
  0.0196	  0.0022	 -0.0039	 -0.1873	  1.0000
  0.0200	  0.0022	  0.0068	 -0.1754	  1.0000
  0.0204	  0.0022	  0.0187	 -0.1721	  1.0000
  0.0208	  0.0022	  0.0275	 -0.1690	  1.0000
  0.0212	  0.0022	  0.0334	 -0.1675	  1.0000
  0.0216	  0.0022	  0.0361	 -0.1676	  1.0000
  0.0220	  0.0022	  0.0390	 -0.1776	  1.0000
  0.0224	  0.0022	  0.0420	 -0.1948	  1.0000
  0.0228	  0.0022	  0.0449	 -0.2157	  1.0000
  0.0232	  0.0022	  0.0476	 -0.2367	  1.0000
  0.0236	  0.0022	  0.0489	 -0.2500	  1.0000
  0.0240	  0.0022	  0.0492	 -0.2562	  1.0000
  0.0244	  0.0022	  0.0488	 -0.2561	  1.0000
  0.0004	  0.0028	 -0.0840	 -0.2857	  1.0000
  0.0008	  0.0028	 -0.0830	 -0.2813	  0.0000
  0.0012	  0.0028	 -0.0876	 -0.2958	  0.0000
  0.0016	  0.0028	 -0.0744	 -0.2490	  1.0000
  0.0020	  0.0028	 -0.0687	 -0.2303	  1.0000
  0.0024	  0.0028	 -0.0622	 -0.2159	  1.0000
  0.0028	  0.0028	 -0.0595	 -0.2099	  0.0000
  0.0032	  0.0028	 -0.0516	 -0.2042	  0.0000
  0.0036	  0.0028	 -0.0312	 -0.2105	  0.0000
  0.0040	  0.0028	 -0.0209	 -0.1818	  1.0000
  0.0044	  0.0028	 -0.0121	 -0.1783	  1.0000
  0.0048	  0.0028	 -0.0031	 -0.1842	  1.0000
  0.0052	  0.0028	  0.0132	 -0.2154	  0.0000
  0.0056	  0.0028	  0.0135	 -0.2033	  0.0000
  0.0060	  0.0028	  0.0200	 -0.1908	  1.0000
  0.0064	  0.0028	  0.0290	 -0.1875	  1.0000
  0.0068	  0.0028	  0.0382	 -0.1922	  1.0000
  0.0072	  0.0028	  0.0480	 -0.2008	  1.0000
  0.0076	  0.0028	  0.0586	 -0.2157	  1.0000
  0.0080	  0.0028	  0.0733	 -0.2663	  0.0000
  0.0084	  0.0028	  0.0680	 -0.2420	  1.0000
  0.0088	  0.0028	  0.0651	 -0.2485	  1.0000
  0.0092	  0.0028	  0.0635	 -0.2586	  1.0000
  0.0096	  0.0028	  0.0609	 -0.2676	  1.0000
  0.0100	  0.0028	  0.0586	 -0.2733	  1.0000
  0.0104	  0.0028	  0.0539	 -0.2746	  1.0000
  0.0108	  0.0028	  0.0492	 -0.2761	  1.0000
  0.0112	  0.0028	  0.0422	 -0.2768	  1.0000
  0.0116	  0.0028	  0.0298	 -0.2782	  1.0000
  0.0120	  0.0028	  0.0084	 -0.2798	  1.0000
  0.0124	  0.0028	 -0.0170	 -0.2817	  1.0000
  0.0128	  0.0028	 -0.0391	 -0.2815	  1.0000
  0.0132	  0.0028	 -0.0524	 -0.2801	  1.0000
  0.0136	  0.0028	 -0.0601	 -0.2774	  1.0000
  0.0140	  0.0028	 -0.0652	 -0.2745	  1.0000
  0.0144	  0.0028	 -0.0699	 -0.2713	  0.0000
  0.0148	  0.0028	 -0.0711	 -0.2633	  1.0000
  0.0152	  0.0028	 -0.0699	 -0.2524	  1.0000
  0.0156	  0.0028	 -0.0684	 -0.2401	  1.0000
  0.0160	  0.0028	 -0.0708	 -0.2299	  1.0000
  0.0164	  0.0028	 -0.0720	 -0.2180	  1.0000
  0.0168	  0.0028	 -0.0769	 -0.2268	  0.0000
  0.0172	  0.0028	 -0.0614	 -0.1863	  1.0000
  0.0176	  0.0028	 -0.0528	 -0.1744	  1.0000
  0.0180	  0.0028	 -0.0439	 -0.1678	  1.0000
  0.0184	  0.0028	 -0.0348	 -0.1655	  1.0000
  0.0188	  0.0028	 -0.0261	 -0.1692	  1.0000
  0.0192	  0.0028	 -0.0107	 -0.1697	  0.0000
  0.0196	  0.0028	 -0.0029	 -0.1582	  1.0000
  0.0200	  0.0028	  0.0092	 -0.1486	  1.0000
  0.0204	  0.0028	  0.0191	 -0.1508	  1.0000
  0.0208	  0.0028	  0.0387	 -0.1778	  0.0000
  0.0212	  0.0028	  0.0320	 -0.1529	  1.0000
  0.0216	  0.0028	  0.0341	 -0.1540	  1.0000
  0.0220	  0.0028	  0.0369	 -0.1633	  1.0000
  0.0224	  0.0028	  0.0402	 -0.1808	  1.0000
  0.0228	  0.0028	  0.0436	 -0.2046	  1.0000
  0.0232	  0.0028	  0.0467	 -0.2296	  1.0000
  0.0236	  0.0028	  0.0509	 -0.2640	  0.0000
  0.0240	  0.0028	  0.0478	 -0.2518	  1.0000
  0.0244	  0.0028	  0.0465	 -0.2513	  1.0000
  0.0004	  0.0034	 -0.0790	 -0.2709	  1.0000
  0.0008	  0.0034	 -0.0872	 -0.2986	  0.0000
  0.0012	  0.0034	 -0.0733	 -0.2437	  0.0000
  0.0016	  0.0034	 -0.0705	 -0.2305	  1.0000
  0.0020	  0.0034	 -0.0649	 -0.2122	  1.0000
  0.0024	  0.0034	 -0.0665	 -0.2094	  0.0000
  0.0028	  0.0034	 -0.0492	 -0.1884	  0.0000
  0.0032	  0.0034	 -0.0455	 -0.1760	  0.0000
  0.0036	  0.0034	 -0.0233	 -0.1606	  0.0000
  0.0040	  0.0034	 -0.0151	 -0.1514	  0.0000
  0.0044	  0.0034	 -0.0161	 -0.1532	  0.0000
  0.0048	  0.0034	 -0.0071	 -0.1497	  0.0000
  0.0052	  0.0034	  0.0030	 -0.1498	  0.0000
  0.0056	  0.0034	  0.0109	 -0.1522	  0.0000
  0.0060	  0.0034	  0.0190	 -0.1425	  0.0000
  0.0064	  0.0034	  0.0331	 -0.1583	  0.0000
  0.0068	  0.0034	  0.0383	 -0.1781	  0.0000
  0.0072	  0.0034	  0.0413	 -0.1733	  0.0000
  0.0076	  0.0034	  0.0571	 -0.1818	  0.0000
  0.0080	  0.0034	  0.0695	 -0.2028	  0.0000
  0.0084	  0.0034	  0.0674	 -0.2295	  0.0000
  0.0088	  0.0034	  0.0656	 -0.2334	  0.0000
  0.0092	  0.0034	  0.0549	 -0.2544	  0.0000
  0.0096	  0.0034	  0.0653	 -0.2821	  0.0000
  0.0100	  0.0034	  0.0532	 -0.2721	  0.0000
  0.0104	  0.0034	  0.0468	 -0.2735	  1.0000
  0.0108	  0.0034	  0.0408	 -0.2743	  0.0000
  0.0112	  0.0034	  0.0339	 -0.2749	  0.0000
  0.0116	  0.0034	  0.0227	 -0.2765	  0.0000
  0.0120	  0.0034	  0.0062	 -0.2788	  0.0000
  0.0124	  0.0034	 -0.0140	 -0.2819	  0.0000
  0.0128	  0.0034	 -0.0310	 -0.2826	  0.0000
  0.0132	  0.0034	 -0.0429	 -0.2816	  1.0000
  0.0136	  0.0034	 -0.0505	 -0.2787	  1.0000
  0.0140	  0.0034	 -0.0569	 -0.2755	  0.0000
  0.0144	  0.0034	 -0.0631	 -0.2716	  0.0000
  0.0148	  0.0034	 -0.0793	 -0.2776	  0.0000
  0.0152	  0.0034	 -0.0665	 -0.2484	  1.0000
  0.0156	  0.0034	 -0.0573	 -0.2341	  0.0000
  0.0160	  0.0034	 -0.0678	 -0.2331	  0.0000
  0.0164	  0.0034	 -0.0843	 -0.2191	  0.0000
  0.0168	  0.0034	 -0.0602	 -0.1670	  0.0000
  0.0172	  0.0034	 -0.0563	 -0.1596	  0.0000
  0.0176	  0.0034	 -0.0533	 -0.1564	  0.0000
  0.0180	  0.0034	 -0.0434	 -0.1477	  0.0000
  0.0184	  0.0034	 -0.0361	 -0.1380	  0.0000
  0.0188	  0.0034	 -0.0304	 -0.1372	  0.0000
  0.0192	  0.0034	 -0.0250	 -0.1313	  0.0000
  0.0196	  0.0034	  0.0084	 -0.1084	  0.0000
  0.0200	  0.0034	  0.0086	 -0.1125	  0.0000
  0.0204	  0.0034	  0.0173	 -0.1249	  1.0000
  0.0208	  0.0034	  0.0232	 -0.1284	  1.0000
  0.0212	  0.0034	  0.0312	 -0.1313	  0.0000
  0.0216	  0.0034	  0.0293	 -0.1360	  1.0000
  0.0220	  0.0034	  0.0333	 -0.1478	  1.0000
  0.0224	  0.0034	  0.0408	 -0.1598	  0.0000
  0.0228	  0.0034	  0.0406	 -0.1898	  1.0000
  0.0232	  0.0034	  0.0455	 -0.2304	  0.0000
  0.0236	  0.0034	  0.0506	 -0.2433	  0.0000
  0.0240	  0.0034	  0.0437	 -0.2451	  1.0000
  0.0244	  0.0034	  0.0428	 -0.2450	  1.0000
  0.0004	  0.0039	 -0.0717	 -0.2518	  1.0000
  0.0008	  0.0039	 -0.0685	 -0.2354	  0.0000
  0.0012	  0.0039	 -0.0691	 -0.2268	  0.0000
  0.0016	  0.0039	 -0.0646	 -0.2022	  1.0000
  0.0020	  0.0039	 -0.0613	 -0.1840	  0.0000
  0.0024	  0.0039	 -0.0507	 -0.1762	  0.0000
  0.0028	  0.0039	 -0.0495	 -0.1620	  0.0000
  0.0032	  0.0039	 -0.0507	 -0.1395	  0.0000
  0.0036	  0.0039	 -0.0243	 -0.1071	  0.0000
  0.0040	  0.0039	 -0.0170	 -0.1128	  0.0000
  0.0044	  0.0039	 -0.0113	 -0.1267	  0.0000
  0.0048	  0.0039	 -0.0095	 -0.1304	  0.0000
  0.0052	  0.0039	  0.0002	 -0.1293	  0.0000
  0.0056	  0.0039	  0.0196	 -0.1174	  0.0000
  0.0060	  0.0039	  0.0219	 -0.1190	  0.0000
  0.0064	  0.0039	  0.0364	 -0.1390	  0.0000
  0.0068	  0.0039	  0.0439	 -0.1352	  0.0000
  0.0072	  0.0039	  0.0404	 -0.1376	  0.0000
  0.0076	  0.0039	  0.0581	 -0.1652	  0.0000
  0.0080	  0.0039	  0.0623	 -0.1891	  0.0000
  0.0084	  0.0039	  0.0654	 -0.2005	  0.0000
  0.0088	  0.0039	  0.0542	 -0.2081	  0.0000
  0.0092	  0.0039	  0.0554	 -0.2389	  0.0000
  0.0096	  0.0039	  0.0536	 -0.2607	  0.0000
  0.0100	  0.0039	  0.0450	 -0.2717	  0.0000
  0.0104	  0.0039	  0.0380	 -0.2710	  0.0000
  0.0108	  0.0039	  0.0322	 -0.2714	  0.0000
  0.0112	  0.0039	  0.0263	 -0.2711	  1.0000
  0.0116	  0.0039	  0.0170	 -0.2721	  0.0000
  0.0120	  0.0039	  0.0038	 -0.2746	  0.0000
  0.0124	  0.0039	 -0.0127	 -0.2789	  0.0000
  0.0128	  0.0039	 -0.0258	 -0.2814	  0.0000
  0.0132	  0.0039	 -0.0350	 -0.2819	  0.0000
  0.0136	  0.0039	 -0.0410	 -0.2799	  0.0000
  0.0140	  0.0039	 -0.0472	 -0.2768	  1.0000
  0.0144	  0.0039	 -0.0543	 -0.2725	  1.0000
  0.0148	  0.0039	 -0.0566	 -0.2598	  0.0000
  0.0152	  0.0039	 -0.0626	 -0.2491	  0.0000
  0.0156	  0.0039	 -0.0667	 -0.2104	  0.0000
  0.0160	  0.0039	 -0.0586	 -0.1824	  0.0000
  0.0164	  0.0039	 -0.0623	 -0.1532	  0.0000
  0.0168	  0.0039	 -0.0633	 -0.1377	  0.0000
  0.0172	  0.0039	 -0.0679	 -0.1268	  0.0000
  0.0176	  0.0039	 -0.0615	 -0.1254	  0.0000
  0.0180	  0.0039	 -0.0480	 -0.1250	  0.0000
  0.0184	  0.0039	 -0.0058	 -0.0992	  0.0000
  0.0188	  0.0039	 -0.0123	 -0.0938	  0.0000
  0.0192	  0.0039	 -0.0171	 -0.0897	  0.0000
  0.0196	  0.0039	  0.0044	 -0.0862	  0.0000
  0.0200	  0.0039	  0.0079	 -0.0916	  0.0000
  0.0204	  0.0039	  0.0116	 -0.0962	  1.0000
  0.0208	  0.0039	  0.0194	 -0.0949	  0.0000
  0.0212	  0.0039	  0.0150	 -0.1003	  0.0000
  0.0216	  0.0039	  0.0235	 -0.1164	  1.0000
  0.0220	  0.0039	  0.0277	 -0.1285	  0.0000
  0.0224	  0.0039	  0.0336	 -0.1498	  0.0000
  0.0228	  0.0039	  0.0399	 -0.1647	  0.0000
  0.0232	  0.0039	  0.0345	 -0.1995	  1.0000
  0.0236	  0.0039	  0.0352	 -0.2282	  0.0000
  0.0240	  0.0039	  0.0390	 -0.2408	  0.0000
  0.0244	  0.0039	  0.0369	 -0.2355	  1.0000
  0.0004	  0.0045	 -0.0618	 -0.2295	  1.0000
  0.0008	  0.0045	 -0.0621	 -0.2245	  0.0000
  0.0012	  0.0045	 -0.0765	 -0.2079	  0.0000
  0.0016	  0.0045	 -0.0567	 -0.1711	  0.0000
  0.0020	  0.0045	 -0.0443	 -0.1419	  0.0000
  0.0024	  0.0045	 -0.0493	 -0.1228	  0.0000
  0.0028	  0.0045	 -0.0456	 -0.1117	  0.0000
  0.0032	  0.0045	 -0.0396	 -0.1076	  0.0000
  0.0036	  0.0045	 -0.0182	 -0.0922	  0.0000
  0.0040	  0.0045	 -0.0176	 -0.0854	  0.0000
  0.0044	  0.0045	 -0.0180	 -0.0803	  0.0000
  0.0048	  0.0045	 -0.0055	 -0.0772	  0.0000
  0.0052	  0.0045	 -0.0019	 -0.0723	  0.0000
  0.0056	  0.0045	  0.0072	 -0.0758	  0.0000
  0.0060	  0.0045	  0.0131	 -0.0812	  0.0000
  0.0064	  0.0045	  0.0279	 -0.0966	  0.0000
  0.0068	  0.0045	  0.0306	 -0.1011	  0.0000
  0.0072	  0.0045	  0.0347	 -0.1129	  0.0000
  0.0076	  0.0045	  0.0632	 -0.1380	  0.0000
  0.0080	  0.0045	  0.0626	 -0.1700	  0.0000
  0.0084	  0.0045	  0.0489	 -0.1805	  0.0000
  0.0088	  0.0045	  0.0196	 -0.1800	  0.0000
  0.0092	  0.0045	  0.0413	 -0.2441	  0.0000
  0.0096	  0.0045	  0.0394	 -0.2774	  0.0000
  0.0100	  0.0045	  0.0337	 -0.2661	  0.0000
  0.0104	  0.0045	  0.0280	 -0.2686	  0.0000
  0.0108	  0.0045	  0.0236	 -0.2663	  0.0000
  0.0112	  0.0045	  0.0186	 -0.2645	  1.0000
  0.0116	  0.0045	  0.0107	 -0.2640	  0.0000
  0.0120	  0.0045	 -0.0001	 -0.2660	  0.0000
  0.0124	  0.0045	 -0.0129	 -0.2714	  1.0000
  0.0128	  0.0045	 -0.0224	 -0.2767	  0.0000
  0.0132	  0.0045	 -0.0286	 -0.2800	  0.0000
  0.0136	  0.0045	 -0.0324	 -0.2801	  0.0000
  0.0140	  0.0045	 -0.0365	 -0.2792	  0.0000
  0.0144	  0.0045	 -0.0431	 -0.2739	  1.0000
  0.0148	  0.0045	 -0.0505	 -0.2645	  0.0000
  0.0152	  0.0045	 -0.0716	 -0.2484	  0.0000
  0.0156	  0.0045	 -0.0711	 -0.2130	  0.0000
  0.0160	  0.0045	 -0.0563	 -0.1603	  0.0000
  0.0164	  0.0045	 -0.0615	 -0.1399	  0.0000
  0.0168	  0.0045	 -0.0686	 -0.1275	  0.0000
  0.0172	  0.0045	 -0.0476	 -0.1132	  1.0000
  0.0176	  0.0045	 -0.0400	 -0.1026	  1.0000
  0.0180	  0.0045	 -0.0347	 -0.0880	  0.0000
  0.0184	  0.0045	 -0.0123	 -0.0843	  0.0000
  0.0188	  0.0045	 -0.0067	 -0.0802	  0.0000
  0.0192	  0.0045	 -0.0227	 -0.0660	  0.0000
  0.0196	  0.0045	 -0.0168	 -0.0628	  0.0000
  0.0200	  0.0045	 -0.0061	 -0.0664	  0.0000
  0.0204	  0.0045	  0.0117	 -0.0742	  0.0000
  0.0208	  0.0045	  0.0103	 -0.0776	  0.0000
  0.0212	  0.0045	  0.0063	 -0.0846	  0.0000
  0.0216	  0.0045	  0.0186	 -0.0954	  0.0000
  0.0220	  0.0045	  0.0265	 -0.1092	  0.0000
  0.0224	  0.0045	  0.0239	 -0.1319	  1.0000
  0.0228	  0.0045	  0.0252	 -0.1549	  1.0000
  0.0232	  0.0045	  0.0261	 -0.1794	  1.0000
  0.0236	  0.0045	  0.0129	 -0.2055	  0.0000
  0.0240	  0.0045	  0.0292	 -0.2223	  0.0000
  0.0244	  0.0045	  0.0296	 -0.2238	  1.0000
  0.0004	  0.0050	 -0.0498	 -0.2183	  1.0000
  0.0008	  0.0050	 -0.0570	 -0.2173	  0.0000
  0.0012	  0.0050	 -0.0601	 -0.1825	  0.0000
  0.0016	  0.0050	 -0.0402	 -0.1477	  0.0000
  0.0020	  0.0050	 -0.0331	 -0.1263	  0.0000
  0.0024	  0.0050	 -0.0425	 -0.1090	  0.0000
  0.0028	  0.0050	 -0.0395	 -0.0961	  0.0000
  0.0032	  0.0050	 -0.0224	 -0.0898	  0.0000
  0.0036	  0.0050	 -0.0168	 -0.0606	  0.0000
  0.0040	  0.0050	 -0.0212	 -0.0539	  0.0000
  0.0044	  0.0050	 -0.0168	 -0.0619	  0.0000
  0.0048	  0.0050	 -0.0036	 -0.0571	  0.0000
  0.0052	  0.0050	 -0.0061	 -0.0547	  0.0000
  0.0056	  0.0050	  0.0019	 -0.0580	  0.0000
  0.0060	  0.0050	  0.0104	 -0.0653	  0.0000
  0.0064	  0.0050	  0.0135	 -0.0692	  0.0000
  0.0068	  0.0050	  0.0216	 -0.0770	  0.0000
  0.0072	  0.0050	  0.0324	 -0.0946	  0.0000
  0.0076	  0.0050	  0.0529	 -0.1052	  0.0000
  0.0080	  0.0050	  0.0618	 -0.1336	  0.0000
  0.0084	  0.0050	  0.0559	 -0.1547	  0.0000
  0.0088	  0.0050	  0.0393	 -0.1659	  0.0000
  0.0092	  0.0050	  0.0485	 -0.1993	  0.0000
  0.0096	  0.0050	  0.0288	 -0.2380	  0.0000
  0.0100	  0.0050	  0.0172	 -0.2777	  0.0000
  0.0104	  0.0050	  0.0186	 -0.2616	  0.0000
  0.0108	  0.0050	  0.0148	 -0.2581	  1.0000
  0.0112	  0.0050	  0.0101	 -0.2544	  0.0000
  0.0116	  0.0050	  0.0029	 -0.2516	  1.0000
  0.0120	  0.0050	 -0.0058	 -0.2522	  0.0000
  0.0124	  0.0050	 -0.0150	 -0.2588	  1.0000
  0.0128	  0.0050	 -0.0207	 -0.2676	  1.0000
  0.0132	  0.0050	 -0.0239	 -0.2747	  1.0000
  0.0136	  0.0050	 -0.0253	 -0.2774	  0.0000
  0.0140	  0.0050	 -0.0264	 -0.2793	  1.0000
  0.0144	  0.0050	 -0.0249	 -0.2877	  0.0000
  0.0148	  0.0050	 -0.0488	 -0.2697	  0.0000
  0.0152	  0.0050	 -0.0584	 -0.2390	  0.0000
  0.0156	  0.0050	 -0.0458	 -0.1876	  1.0000
  0.0160	  0.0050	 -0.0421	 -0.1556	  1.0000
  0.0164	  0.0050	 -0.0394	 -0.1323	  1.0000
  0.0168	  0.0050	 -0.0375	 -0.1144	  1.0000
  0.0172	  0.0050	 -0.0310	 -0.0939	  0.0000
  0.0176	  0.0050	 -0.0112	 -0.0775	  0.0000
  0.0180	  0.0050	 -0.0182	 -0.0707	  0.0000
  0.0184	  0.0050	 -0.0293	 -0.0695	  0.0000
  0.0188	  0.0050	 -0.0146	 -0.0580	  1.0000
  0.0192	  0.0050	 -0.0108	 -0.0510	  1.0000
  0.0196	  0.0050	 -0.0103	 -0.0474	  1.0000
  0.0200	  0.0050	 -0.0150	 -0.0465	  0.0000
  0.0204	  0.0050	 -0.0167	 -0.0510	  0.0000
  0.0208	  0.0050	 -0.0060	 -0.0547	  0.0000
  0.0212	  0.0050	  0.0068	 -0.0664	  0.0000
  0.0216	  0.0050	  0.0036	 -0.0816	  0.0000
  0.0220	  0.0050	  0.0112	 -0.0972	  0.0000
  0.0224	  0.0050	  0.0093	 -0.1154	  0.0000
  0.0228	  0.0050	  0.0181	 -0.1352	  0.0000
  0.0232	  0.0050	  0.0164	 -0.1634	  1.0000
  0.0236	  0.0050	  0.0266	 -0.1837	  0.0000
  0.0240	  0.0050	  0.0210	 -0.2128	  0.0000
  0.0244	  0.0050	  0.0214	 -0.2068	  1.0000
  0.0004	  0.0056	 -0.0328	 -0.2295	  0.0000
  0.0008	  0.0056	 -0.0352	 -0.1905	  0.0000
  0.0012	  0.0056	 -0.0199	 -0.1512	  0.0000
  0.0016	  0.0056	 -0.0060	 -0.1383	  0.0000
  0.0020	  0.0056	 -0.0179	 -0.1196	  0.0000
  0.0024	  0.0056	 -0.0236	 -0.1067	  0.0000
  0.0028	  0.0056	 -0.0256	 -0.0861	  0.0000
  0.0032	  0.0056	 -0.0274	 -0.0698	  0.0000
  0.0036	  0.0056	 -0.0239	 -0.0427	  0.0000
  0.0040	  0.0056	 -0.0040	 -0.0358	  0.0000
  0.0044	  0.0056	 -0.0072	 -0.0311	  0.0000
  0.0048	  0.0056	  0.0019	 -0.0335	  0.0000
  0.0052	  0.0056	 -0.0047	 -0.0381	  0.0000
  0.0056	  0.0056	 -0.0034	 -0.0480	  0.0000
  0.0060	  0.0056	  0.0023	 -0.0592	  0.0000
  0.0064	  0.0056	  0.0001	 -0.0619	  0.0000
  0.0068	  0.0056	  0.0175	 -0.0750	  0.0000
  0.0072	  0.0056	  0.0136	 -0.0863	  0.0000
  0.0076	  0.0056	  0.0178	 -0.0998	  0.0000
  0.0080	  0.0056	  0.0241	 -0.1168	  0.0000
  0.0084	  0.0056	  0.0366	 -0.1442	  0.0000
  0.0088	  0.0056	  0.0358	 -0.1635	  0.0000
  0.0092	  0.0056	  0.0426	 -0.1984	  0.0000
  0.0096	  0.0056	  0.0214	 -0.2308	  0.0000
  0.0100	  0.0056	  0.0142	 -0.2522	  0.0000
  0.0104	  0.0056	  0.0095	 -0.2507	  0.0000
  0.0108	  0.0056	  0.0060	 -0.2477	  0.0000
  0.0112	  0.0056	  0.0013	 -0.2429	  0.0000
  0.0116	  0.0056	 -0.0051	 -0.2385	  0.0000
  0.0120	  0.0056	 -0.0118	 -0.2385	  0.0000
  0.0124	  0.0056	 -0.0174	 -0.2459	  0.0000
  0.0128	  0.0056	 -0.0200	 -0.2572	  0.0000
  0.0132	  0.0056	 -0.0205	 -0.2667	  1.0000
  0.0136	  0.0056	 -0.0198	 -0.2702	  1.0000
  0.0140	  0.0056	 -0.0185	 -0.2706	  0.0000
  0.0144	  0.0056	 -0.0137	 -0.2855	  0.0000
  0.0148	  0.0056	 -0.0048	 -0.2440	  0.0000
  0.0152	  0.0056	 -0.0225	 -0.1941	  0.0000
  0.0156	  0.0056	 -0.0302	 -0.1544	  0.0000
  0.0160	  0.0056	 -0.0141	 -0.1355	  0.0000
  0.0164	  0.0056	 -0.0179	 -0.1222	  1.0000
  0.0168	  0.0056	 -0.0174	 -0.1026	  1.0000
  0.0172	  0.0056	 -0.0164	 -0.0839	  1.0000
  0.0176	  0.0056	 -0.0162	 -0.0610	  0.0000
  0.0180	  0.0056	 -0.0161	 -0.0542	  0.0000
  0.0184	  0.0056	 -0.0198	 -0.0478	  0.0000
  0.0188	  0.0056	 -0.0081	 -0.0394	  1.0000
  0.0192	  0.0056	 -0.0075	 -0.0256	  0.0000
  0.0196	  0.0056	  0.0005	 -0.0287	  0.0000
  0.0200	  0.0056	 -0.0038	 -0.0319	  1.0000
  0.0204	  0.0056	 -0.0043	 -0.0347	  1.0000
  0.0208	  0.0056	  0.0014	 -0.0335	  0.0000
  0.0212	  0.0056	 -0.0171	 -0.0481	  0.0000
  0.0216	  0.0056	 -0.0103	 -0.0691	  0.0000
  0.0220	  0.0056	  0.0067	 -0.0852	  0.0000
  0.0224	  0.0056	  0.0070	 -0.1082	  1.0000
  0.0228	  0.0056	  0.0077	 -0.1338	  0.0000
  0.0232	  0.0056	  0.0031	 -0.1443	  0.0000
  0.0236	  0.0056	  0.0110	 -0.1698	  1.0000
  0.0240	  0.0056	  0.0123	 -0.1824	  1.0000
  0.0244	  0.0056	  0.0122	 -0.1886	  1.0000
  0.0004	  0.0062	 -0.0153	 -0.1921	  1.0000
  0.0008	  0.0062	 -0.0164	 -0.1828	  0.0000
  0.0012	  0.0062	 -0.0087	 -0.1499	  0.0000
  0.0016	  0.0062	  0.0110	 -0.1321	  0.0000
  0.0020	  0.0062	 -0.0060	 -0.1131	  0.0000
  0.0024	  0.0062	 -0.0149	 -0.1038	  0.0000
  0.0028	  0.0062	 -0.0125	 -0.0809	  0.0000
  0.0032	  0.0062	 -0.0264	 -0.0595	  0.0000
  0.0036	  0.0062	 -0.0122	 -0.0446	  1.0000
  0.0040	  0.0062	 -0.0011	 -0.0272	  0.0000
  0.0044	  0.0062	 -0.0122	 -0.0318	  0.0000
  0.0048	  0.0062	 -0.0010	 -0.0304	  0.0000
  0.0052	  0.0062	  0.0022	 -0.0219	  0.0000
  0.0056	  0.0062	 -0.0079	 -0.0281	  0.0000
  0.0060	  0.0062	 -0.0074	 -0.0385	  0.0000
  0.0064	  0.0062	  0.0048	 -0.0502	  0.0000
  0.0068	  0.0062	 -0.0027	 -0.0517	  0.0000
  0.0072	  0.0062	  0.0067	 -0.0773	  1.0000
  0.0076	  0.0062	  0.0151	 -0.0962	  0.0000
  0.0080	  0.0062	  0.0002	 -0.1073	  0.0000
  0.0084	  0.0062	 -0.0108	 -0.1282	  0.0000
  0.0088	  0.0062	 -0.0107	 -0.1450	  0.0000
  0.0092	  0.0062	  0.0036	 -0.1934	  0.0000
  0.0096	  0.0062	  0.0137	 -0.2244	  0.0000
  0.0100	  0.0062	  0.0049	 -0.2276	  0.0000
  0.0104	  0.0062	  0.0012	 -0.2401	  1.0000
  0.0108	  0.0062	 -0.0026	 -0.2372	  0.0000
  0.0112	  0.0062	 -0.0070	 -0.2319	  0.0000
  0.0116	  0.0062	 -0.0122	 -0.2273	  0.0000
  0.0120	  0.0062	 -0.0169	 -0.2274	  0.0000
  0.0124	  0.0062	 -0.0196	 -0.2351	  1.0000
  0.0128	  0.0062	 -0.0196	 -0.2469	  1.0000
  0.0132	  0.0062	 -0.0180	 -0.2564	  1.0000
  0.0136	  0.0062	 -0.0157	 -0.2583	  1.0000
  0.0140	  0.0062	 -0.0131	 -0.2540	  1.0000
  0.0144	  0.0062	 -0.0107	 -0.2380	  1.0000
  0.0148	  0.0062	 -0.0056	 -0.1908	  0.0000
  0.0152	  0.0062	 -0.0130	 -0.1779	  0.0000
  0.0156	  0.0062	 -0.0150	 -0.1678	  1.0000
  0.0160	  0.0062	 -0.0064	 -0.1347	  0.0000
  0.0164	  0.0062	  0.0075	 -0.1127	  0.0000
  0.0168	  0.0062	  0.0062	 -0.0895	  0.0000
  0.0172	  0.0062	 -0.0108	 -0.0718	  0.0000
  0.0176	  0.0062	 -0.0132	 -0.0606	  1.0000
  0.0180	  0.0062	 -0.0235	 -0.0421	  0.0000
  0.0184	  0.0062	  0.0110	 -0.0289	  0.0000
  0.0188	  0.0062	  0.0084	 -0.0223	  0.0000
  0.0192	  0.0062	 -0.0023	 -0.0119	  0.0000
  0.0196	  0.0062	  0.0037	 -0.0093	  0.0000
  0.0200	  0.0062	  0.0112	 -0.0180	  0.0000
  0.0204	  0.0062	  0.0007	 -0.0199	  0.0000
  0.0208	  0.0062	 -0.0063	 -0.0219	  0.0000
  0.0212	  0.0062	 -0.0109	 -0.0476	  1.0000
  0.0216	  0.0062	 -0.0098	 -0.0646	  1.0000
  0.0220	  0.0062	 -0.0014	 -0.0785	  0.0000
  0.0224	  0.0062	  0.0015	 -0.0966	  0.0000
  0.0228	  0.0062	  0.0028	 -0.1235	  0.0000
  0.0232	  0.0062	  0.0065	 -0.1468	  0.0000
  0.0236	  0.0062	 -0.0006	 -0.1561	  1.0000
  0.0240	  0.0062	  0.0007	 -0.1651	  1.0000
  0.0244	  0.0062	  0.0015	 -0.1689	  1.0000
  0.0004	  0.0067	 -0.0006	 -0.1778	  1.0000
  0.0008	  0.0067	  0.0086	 -0.1797	  0.0000
  0.0012	  0.0067	 -0.0012	 -0.1559	  0.0000
  0.0016	  0.0067	 -0.0069	 -0.1186	  0.0000
  0.0020	  0.0067	 -0.0064	 -0.0915	  0.0000
  0.0024	  0.0067	  0.0046	 -0.0915	  0.0000
  0.0028	  0.0067	 -0.0004	 -0.0794	  0.0000
  0.0032	  0.0067	 -0.0125	 -0.0585	  0.0000
  0.0036	  0.0067	 -0.0031	 -0.0400	  1.0000
  0.0040	  0.0067	  0.0005	 -0.0233	  0.0000
  0.0044	  0.0067	 -0.0105	 -0.0223	  0.0000
  0.0048	  0.0067	 -0.0145	 -0.0230	  0.0000
  0.0052	  0.0067	 -0.0118	 -0.0138	  0.0000
  0.0056	  0.0067	 -0.0089	 -0.0243	  0.0000
  0.0060	  0.0067	 -0.0066	 -0.0366	  0.0000
  0.0064	  0.0067	  0.0008	 -0.0382	  0.0000
  0.0068	  0.0067	 -0.0089	 -0.0459	  0.0000
  0.0072	  0.0067	 -0.0054	 -0.0691	  1.0000
  0.0076	  0.0067	  0.0065	 -0.0941	  0.0000
  0.0080	  0.0067	 -0.0106	 -0.1072	  0.0000
  0.0084	  0.0067	 -0.0251	 -0.1314	  0.0000
  0.0088	  0.0067	 -0.0165	 -0.1396	  0.0000
  0.0092	  0.0067	 -0.0139	 -0.1723	  0.0000
  0.0096	  0.0067	  0.0000	 -0.2224	  0.0000
  0.0100	  0.0067	 -0.0048	 -0.2434	  0.0000
  0.0104	  0.0067	 -0.0079	 -0.2329	  1.0000
  0.0108	  0.0067	 -0.0107	 -0.2282	  1.0000
  0.0112	  0.0067	 -0.0136	 -0.2233	  0.0000
  0.0116	  0.0067	 -0.0172	 -0.2199	  0.0000
  0.0120	  0.0067	 -0.0200	 -0.2207	  0.0000
  0.0124	  0.0067	 -0.0208	 -0.2278	  1.0000
  0.0128	  0.0067	 -0.0192	 -0.2378	  1.0000
  0.0132	  0.0067	 -0.0161	 -0.2447	  1.0000
  0.0136	  0.0067	 -0.0122	 -0.2434	  1.0000
  0.0140	  0.0067	 -0.0084	 -0.2335	  1.0000
  0.0144	  0.0067	 -0.0059	 -0.2162	  1.0000
  0.0148	  0.0067	 -0.0156	 -0.2051	  0.0000
  0.0152	  0.0067	 -0.0276	 -0.2087	  0.0000
  0.0156	  0.0067	 -0.0091	 -0.1869	  0.0000
  0.0160	  0.0067	  0.0026	 -0.1499	  0.0000
  0.0164	  0.0067	  0.0089	 -0.1159	  1.0000
  0.0168	  0.0067	  0.0061	 -0.0918	  1.0000
  0.0172	  0.0067	 -0.0100	 -0.0726	  0.0000
  0.0176	  0.0067	 -0.0066	 -0.0569	  1.0000
  0.0180	  0.0067	 -0.0055	 -0.0423	  1.0000
  0.0184	  0.0067	 -0.0072	 -0.0282	  0.0000
  0.0188	  0.0067	  0.0152	 -0.0195	  0.0000
  0.0192	  0.0067	 -0.0004	 -0.0068	  0.0000
  0.0196	  0.0067	 -0.0074	 -0.0038	  0.0000
  0.0200	  0.0067	 -0.0014	 -0.0171	  0.0000
  0.0204	  0.0067	 -0.0044	 -0.0248	  1.0000
  0.0208	  0.0067	 -0.0116	 -0.0339	  1.0000
  0.0212	  0.0067	 -0.0165	 -0.0470	  1.0000
  0.0216	  0.0067	 -0.0168	 -0.0631	  1.0000
  0.0220	  0.0067	 -0.0117	 -0.0780	  0.0000
  0.0224	  0.0067	 -0.0062	 -0.0976	  0.0000
  0.0228	  0.0067	 -0.0123	 -0.1180	  1.0000
  0.0232	  0.0067	 -0.0157	 -0.1413	  0.0000
  0.0236	  0.0067	 -0.0141	 -0.1452	  1.0000
  0.0240	  0.0067	 -0.0115	 -0.1495	  1.0000
  0.0244	  0.0067	 -0.0104	 -0.1519	  1.0000
  0.0004	  0.0073	  0.0094	 -0.1690	  1.0000
  0.0008	  0.0073	  0.0107	 -0.1652	  0.0000
  0.0012	  0.0073	  0.0110	 -0.1548	  0.0000
  0.0016	  0.0073	  0.0166	 -0.1196	  1.0000
  0.0020	  0.0073	  0.0146	 -0.1008	  0.0000
  0.0024	  0.0073	  0.0082	 -0.0872	  0.0000
  0.0028	  0.0073	  0.0106	 -0.0761	  0.0000
  0.0032	  0.0073	  0.0192	 -0.0517	  0.0000
  0.0036	  0.0073	  0.0043	 -0.0324	  0.0000
  0.0040	  0.0073	  0.0038	 -0.0228	  0.0000
  0.0044	  0.0073	 -0.0015	 -0.0206	  1.0000
  0.0048	  0.0073	  0.0005	 -0.0155	  0.0000
  0.0052	  0.0073	 -0.0081	 -0.0126	  0.0000
  0.0056	  0.0073	 -0.0077	 -0.0159	  0.0000
  0.0060	  0.0073	 -0.0015	 -0.0281	  0.0000
  0.0064	  0.0073	 -0.0128	 -0.0190	  0.0000
  0.0068	  0.0073	 -0.0318	 -0.0397	  0.0000
  0.0072	  0.0073	 -0.0183	 -0.0690	  0.0000
  0.0076	  0.0073	 -0.0097	 -0.0791	  0.0000
  0.0080	  0.0073	 -0.0177	 -0.0957	  0.0000
  0.0084	  0.0073	 -0.0399	 -0.1294	  0.0000
  0.0088	  0.0073	 -0.0340	 -0.1408	  0.0000
  0.0092	  0.0073	 -0.0490	 -0.1517	  0.0000
  0.0096	  0.0073	 -0.0421	 -0.2055	  0.0000
  0.0100	  0.0073	 -0.0143	 -0.2419	  0.0000
  0.0104	  0.0073	 -0.0203	 -0.2254	  1.0000
  0.0108	  0.0073	 -0.0170	 -0.2202	  1.0000
  0.0112	  0.0073	 -0.0176	 -0.2167	  1.0000
  0.0116	  0.0073	 -0.0208	 -0.2149	  1.0000
  0.0120	  0.0073	 -0.0219	 -0.2165	  0.0000
  0.0124	  0.0073	 -0.0215	 -0.2222	  0.0000
  0.0128	  0.0073	 -0.0189	 -0.2290	  0.0000
  0.0132	  0.0073	 -0.0144	 -0.2322	  1.0000
  0.0136	  0.0073	 -0.0088	 -0.2278	  1.0000
  0.0140	  0.0073	 -0.0029	 -0.2164	  1.0000
  0.0144	  0.0073	  0.0017	 -0.2023	  1.0000
  0.0148	  0.0073	  0.0066	 -0.1892	  1.0000
  0.0152	  0.0073	  0.0097	 -0.1774	  1.0000
  0.0156	  0.0073	 -0.0000	 -0.1809	  0.0000
  0.0160	  0.0073	  0.0123	 -0.1487	  0.0000
  0.0164	  0.0073	  0.0196	 -0.1106	  1.0000
  0.0168	  0.0073	  0.0232	 -0.0895	  0.0000
  0.0172	  0.0073	  0.0039	 -0.0717	  0.0000
  0.0176	  0.0073	  0.0039	 -0.0545	  1.0000
  0.0180	  0.0073	  0.0027	 -0.0396	  1.0000
  0.0184	  0.0073	 -0.0113	 -0.0280	  0.0000
  0.0188	  0.0073	  0.0192	 -0.0159	  0.0000
  0.0192	  0.0073	 -0.0022	 -0.0109	  0.0000
  0.0196	  0.0073	 -0.0064	 -0.0132	  0.0000
  0.0200	  0.0073	 -0.0074	 -0.0260	  0.0000
  0.0204	  0.0073	 -0.0085	 -0.0283	  1.0000
  0.0208	  0.0073	 -0.0118	 -0.0334	  0.0000
  0.0212	  0.0073	 -0.0355	 -0.0484	  0.0000
  0.0216	  0.0073	 -0.0292	 -0.0635	  0.0000
  0.0220	  0.0073	 -0.0196	 -0.0776	  1.0000
  0.0224	  0.0073	 -0.0193	 -0.0938	  1.0000
  0.0228	  0.0073	 -0.0236	 -0.1113	  1.0000
  0.0232	  0.0073	 -0.0440	 -0.1327	  0.0000
  0.0236	  0.0073	 -0.0261	 -0.1326	  1.0000
  0.0240	  0.0073	 -0.0226	 -0.1355	  1.0000
  0.0244	  0.0073	 -0.0214	 -0.1371	  1.0000
  0.0004	  0.0078	  0.0150	 -0.1635	  1.0000
  0.0008	  0.0078	  0.0135	 -0.1589	  0.0000
  0.0012	  0.0078	  0.0258	 -0.1378	  0.0000
  0.0016	  0.0078	  0.0641	 -0.1071	  0.0000
  0.0020	  0.0078	  0.0319	 -0.0902	  0.0000
  0.0024	  0.0078	  0.0219	 -0.0779	  0.0000
  0.0028	  0.0078	  0.0375	 -0.0601	  0.0000
  0.0032	  0.0078	  0.0492	 -0.0476	  0.0000
  0.0036	  0.0078	  0.0085	 -0.0291	  0.0000
  0.0040	  0.0078	  0.0048	 -0.0201	  0.0000
  0.0044	  0.0078	  0.0038	 -0.0199	  1.0000
  0.0048	  0.0078	 -0.0006	 -0.0180	  1.0000
  0.0052	  0.0078	 -0.0026	 -0.0154	  0.0000
  0.0056	  0.0078	 -0.0156	 -0.0079	  0.0000
  0.0060	  0.0078	 -0.0212	 -0.0187	  0.0000
  0.0064	  0.0078	 -0.0227	 -0.0406	  0.0000
  0.0068	  0.0078	 -0.0258	 -0.0470	  1.0000
  0.0072	  0.0078	 -0.0312	 -0.0615	  1.0000
  0.0076	  0.0078	 -0.0408	 -0.0731	  0.0000
  0.0080	  0.0078	 -0.0464	 -0.0944	  0.0000
  0.0084	  0.0078	 -0.0431	 -0.1147	  1.0000
  0.0088	  0.0078	 -0.0545	 -0.1350	  0.0000
  0.0092	  0.0078	 -0.0479	 -0.1433	  0.0000
  0.0096	  0.0078	 -0.0552	 -0.1806	  0.0000
  0.0100	  0.0078	 -0.0675	 -0.2105	  0.0000
  0.0104	  0.0078	 -0.0285	 -0.2142	  1.0000
  0.0108	  0.0078	 -0.0109	 -0.2129	  0.0000
  0.0112	  0.0078	 -0.0253	 -0.2102	  0.0000
  0.0116	  0.0078	 -0.0223	 -0.2120	  1.0000
  0.0120	  0.0078	 -0.0228	 -0.2139	  1.0000
  0.0124	  0.0078	 -0.0219	 -0.2178	  1.0000
  0.0128	  0.0078	 -0.0187	 -0.2216	  1.0000
  0.0132	  0.0078	 -0.0132	 -0.2215	  1.0000
  0.0136	  0.0078	 -0.0059	 -0.2150	  1.0000
  0.0140	  0.0078	  0.0023	 -0.2032	  1.0000
  0.0144	  0.0078	  0.0112	 -0.1891	  1.0000
  0.0148	  0.0078	  0.0220	 -0.1737	  1.0000
  0.0152	  0.0078	  0.0540	 -0.1481	  0.0000
  0.0156	  0.0078	  0.0450	 -0.1300	  0.0000
  0.0160	  0.0078	  0.0272	 -0.1175	  0.0000
  0.0164	  0.0078	  0.0422	 -0.0906	  0.0000
  0.0168	  0.0078	  0.0343	 -0.0807	  0.0000
  0.0172	  0.0078	  0.0131	 -0.0697	  0.0000
  0.0176	  0.0078	  0.0170	 -0.0496	  1.0000
  0.0180	  0.0078	  0.0166	 -0.0338	  1.0000
  0.0184	  0.0078	  0.0147	 -0.0238	  1.0000
  0.0188	  0.0078	  0.0106	 -0.0171	  1.0000
  0.0192	  0.0078	  0.0049	 -0.0144	  0.0000
  0.0196	  0.0078	 -0.0006	 -0.0205	  0.0000
  0.0200	  0.0078	 -0.0060	 -0.0242	  1.0000
  0.0204	  0.0078	 -0.0098	 -0.0302	  1.0000
  0.0208	  0.0078	 -0.0155	 -0.0373	  1.0000
  0.0212	  0.0078	 -0.0164	 -0.0434	  0.0000
  0.0216	  0.0078	 -0.0237	 -0.0608	  1.0000
  0.0220	  0.0078	 -0.0240	 -0.0756	  1.0000
  0.0224	  0.0078	 -0.0254	 -0.0901	  1.0000
  0.0228	  0.0078	 -0.0308	 -0.1032	  1.0000
  0.0232	  0.0078	 -0.0334	 -0.1137	  1.0000
  0.0236	  0.0078	 -0.0337	 -0.1207	  1.0000
  0.0240	  0.0078	 -0.0304	 -0.1248	  1.0000
  0.0244	  0.0078	 -0.0294	 -0.1262	  1.0000
  0.0004	  0.0084	  0.0175	 -0.1617	  1.0000
  0.0008	  0.0084	  0.0239	 -0.1628	  0.0000
  0.0012	  0.0084	  0.0700	 -0.1145	  0.0000
  0.0016	  0.0084	  0.0487	 -0.1031	  0.0000
  0.0020	  0.0084	  0.0367	 -0.0789	  0.0000
  0.0024	  0.0084	  0.0387	 -0.0647	  0.0000
  0.0028	  0.0084	  0.0437	 -0.0584	  0.0000
  0.0032	  0.0084	  0.0361	 -0.0402	  0.0000
  0.0036	  0.0084	  0.0191	 -0.0280	  0.0000
  0.0040	  0.0084	  0.0135	 -0.0221	  0.0000
  0.0044	  0.0084	  0.0119	 -0.0213	  0.0000
  0.0048	  0.0084	 -0.0017	 -0.0189	  0.0000
  0.0052	  0.0084	 -0.0066	 -0.0197	  0.0000
  0.0056	  0.0084	 -0.0142	 -0.0225	  0.0000
  0.0060	  0.0084	 -0.0261	 -0.0298	  0.0000
  0.0064	  0.0084	 -0.0205	 -0.0354	  0.0000
  0.0068	  0.0084	 -0.0282	 -0.0492	  1.0000
  0.0072	  0.0084	 -0.0409	 -0.0614	  0.0000
  0.0076	  0.0084	 -0.0539	 -0.0739	  0.0000
  0.0080	  0.0084	 -0.0550	 -0.0833	  0.0000
  0.0084	  0.0084	 -0.0495	 -0.1110	  1.0000
  0.0088	  0.0084	 -0.0482	 -0.1278	  1.0000
  0.0092	  0.0084	 -0.0460	 -0.1350	  0.0000
  0.0096	  0.0084	 -0.0519	 -0.1673	  0.0000
  0.0100	  0.0084	 -0.0475	 -0.1959	  1.0000
  0.0104	  0.0084	 -0.0341	 -0.2068	  1.0000
  0.0108	  0.0084	 -0.0158	 -0.2009	  0.0000
  0.0112	  0.0084	 -0.0196	 -0.2090	  1.0000
  0.0116	  0.0084	 -0.0230	 -0.2107	  1.0000
  0.0120	  0.0084	 -0.0232	 -0.2127	  1.0000
  0.0124	  0.0084	 -0.0220	 -0.2158	  1.0000
  0.0128	  0.0084	 -0.0186	 -0.2180	  1.0000
  0.0132	  0.0084	 -0.0126	 -0.2163	  1.0000
  0.0136	  0.0084	 -0.0045	 -0.2089	  1.0000
  0.0140	  0.0084	  0.0049	 -0.1970	  1.0000
  0.0144	  0.0084	  0.0157	 -0.1828	  1.0000
  0.0148	  0.0084	  0.0299	 -0.1663	  1.0000
  0.0152	  0.0084	  0.0393	 -0.1487	  1.0000
  0.0156	  0.0084	  0.0416	 -0.1307	  1.0000
  0.0160	  0.0084	  0.0410	 -0.1108	  1.0000
  0.0164	  0.0084	  0.0485	 -0.0855	  0.0000
  0.0168	  0.0084	  0.0332	 -0.0778	  1.0000
  0.0172	  0.0084	  0.0279	 -0.0625	  1.0000
  0.0176	  0.0084	  0.0419	 -0.0349	  0.0000
  0.0180	  0.0084	  0.0257	 -0.0304	  1.0000
  0.0184	  0.0084	  0.0384	 -0.0100	  0.0000
  0.0188	  0.0084	  0.0149	 -0.0165	  1.0000
  0.0192	  0.0084	  0.0060	 -0.0176	  1.0000
  0.0196	  0.0084	 -0.0002	 -0.0203	  1.0000
  0.0200	  0.0084	 -0.0053	 -0.0251	  1.0000
  0.0204	  0.0084	 -0.0101	 -0.0307	  1.0000
  0.0208	  0.0084	 -0.0140	 -0.0376	  1.0000
  0.0212	  0.0084	 -0.0182	 -0.0473	  1.0000
  0.0216	  0.0084	 -0.0215	 -0.0596	  1.0000
  0.0220	  0.0084	 -0.0246	 -0.0742	  1.0000
  0.0224	  0.0084	 -0.0276	 -0.0880	  1.0000
  0.0228	  0.0084	 -0.0316	 -0.0985	  1.0000
  0.0232	  0.0084	 -0.0390	 -0.0979	  0.0000
  0.0236	  0.0084	 -0.0349	 -0.1144	  1.0000
  0.0240	  0.0084	 -0.0336	 -0.1198	  1.0000
  0.0244	  0.0084	 -0.0329	 -0.1214	  1.0000
