  0.0004	  0.0006	 -0.0867	 -0.2878	  1.0000
  0.0008	  0.0006	 -0.0857	 -0.2859	  1.0000
  0.0012	  0.0006	 -0.0829	 -0.2804	  1.0000
  0.0016	  0.0006	 -0.0779	 -0.2711	  1.0000
  0.0020	  0.0006	 -0.0710	 -0.2587	  1.0000
  0.0024	  0.0006	 -0.0631	 -0.2450	  1.0000
  0.0028	  0.0006	 -0.0549	 -0.2325	  1.0000
  0.0032	  0.0006	 -0.0462	 -0.2235	  1.0000
  0.0036	  0.0006	 -0.0359	 -0.2201	  1.0000
  0.0040	  0.0006	 -0.0242	 -0.2229	  1.0000
  0.0044	  0.0006	 -0.0123	 -0.2306	  1.0000
  0.0048	  0.0006	 -0.0025	 -0.2401	  1.0000
  0.0052	  0.0006	  0.0049	 -0.2484	  1.0000
  0.0056	  0.0006	  0.0110	 -0.2536	  1.0000
  0.0060	  0.0006	  0.0186	 -0.2562	  1.0000
  0.0064	  0.0006	  0.0293	 -0.2581	  1.0000
  0.0068	  0.0006	  0.0421	 -0.2611	  1.0000
  0.0072	  0.0006	  0.0543	 -0.2656	  1.0000
  0.0076	  0.0006	  0.0631	 -0.2705	  1.0000
  0.0080	  0.0006	  0.0679	 -0.2741	  1.0000
  0.0084	  0.0006	  0.0693	 -0.2756	  1.0000
  0.0088	  0.0006	  0.0688	 -0.2749	  1.0000
  0.0092	  0.0006	  0.0673	 -0.2726	  1.0000
  0.0096	  0.0006	  0.0650	 -0.2693	  1.0000
  0.0100	  0.0006	  0.0626	 -0.2664	  1.0000
  0.0104	  0.0006	  0.0604	 -0.2653	  1.0000
  0.0108	  0.0006	  0.0593	 -0.2672	  1.0000
  0.0112	  0.0006	  0.0584	 -0.2716	  1.0000
  0.0116	  0.0006	  0.0527	 -0.2762	  1.0000
  0.0120	  0.0006	  0.0128	 -0.2821	  1.0000
  0.0124	  0.0006	 -0.0308	 -0.2856	  1.0000
  0.0128	  0.0006	 -0.0692	 -0.2881	  1.0000
  0.0132	  0.0006	 -0.0734	 -0.2870	  1.0000
  0.0136	  0.0006	 -0.0734	 -0.2851	  1.0000
  0.0140	  0.0006	 -0.0729	 -0.2809	  1.0000
  0.0144	  0.0006	 -0.0716	 -0.2735	  1.0000
  0.0148	  0.0006	 -0.0693	 -0.2632	  1.0000
  0.0152	  0.0006	 -0.0665	 -0.2529	  1.0000
  0.0156	  0.0006	 -0.0638	 -0.2447	  1.0000
  0.0160	  0.0006	 -0.0617	 -0.2396	  1.0000
  0.0164	  0.0006	 -0.0601	 -0.2359	  1.0000
  0.0168	  0.0006	 -0.0583	 -0.2319	  1.0000
  0.0172	  0.0006	 -0.0550	 -0.2259	  1.0000
  0.0176	  0.0006	 -0.0495	 -0.2185	  1.0000
  0.0180	  0.0006	 -0.0421	 -0.2112	  1.0000
  0.0184	  0.0006	 -0.0342	 -0.2057	  1.0000
  0.0188	  0.0006	 -0.0273	 -0.2022	  1.0000
  0.0192	  0.0006	 -0.0218	 -0.1993	  1.0000
  0.0196	  0.0006	 -0.0167	 -0.1951	  1.0000
  0.0200	  0.0006	 -0.0108	 -0.1890	  1.0000
  0.0204	  0.0006	 -0.0035	 -0.1826	  1.0000
  0.0208	  0.0006	  0.0043	 -0.1781	  1.0000
  0.0212	  0.0006	  0.0111	 -0.1778	  1.0000
  0.0216	  0.0006	  0.0159	 -0.1816	  1.0000
  0.0220	  0.0006	  0.0186	 -0.1880	  1.0000
  0.0224	  0.0006	  0.0201	 -0.1955	  1.0000
  0.0228	  0.0006	  0.0211	 -0.2033	  1.0000
  0.0232	  0.0006	  0.0218	 -0.2114	  1.0000
  0.0236	  0.0006	  0.0220	 -0.2192	  1.0000
  0.0240	  0.0006	  0.0218	 -0.2254	  1.0000
  0.0244	  0.0006	  0.0216	 -0.2281	  1.0000
  0.0004	  0.0011	 -0.0863	 -0.2865	  1.0000
  0.0008	  0.0011	 -0.0854	 -0.2845	  1.0000
  0.0012	  0.0011	 -0.0827	 -0.2790	  1.0000
  0.0016	  0.0011	 -0.0778	 -0.2696	  1.0000
  0.0020	  0.0011	 -0.0710	 -0.2573	  1.0000
  0.0024	  0.0011	 -0.0632	 -0.2439	  1.0000
  0.0028	  0.0011	 -0.0551	 -0.2316	  1.0000
  0.0032	  0.0011	 -0.0464	 -0.2224	  1.0000
  0.0036	  0.0011	 -0.0363	 -0.2182	  1.0000
  0.0040	  0.0011	 -0.0248	 -0.2197	  1.0000
  0.0044	  0.0011	 -0.0131	 -0.2264	  1.0000
  0.0048	  0.0011	 -0.0032	 -0.2360	  1.0000
  0.0052	  0.0011	  0.0045	 -0.2449	  1.0000
  0.0056	  0.0011	  0.0110	 -0.2506	  1.0000
  0.0060	  0.0011	  0.0189	 -0.2524	  1.0000
  0.0064	  0.0011	  0.0296	 -0.2533	  1.0000
  0.0068	  0.0011	  0.0422	 -0.2559	  1.0000
  0.0072	  0.0011	  0.0542	 -0.2614	  1.0000
  0.0076	  0.0011	  0.0629	 -0.2676	  1.0000
  0.0080	  0.0011	  0.0676	 -0.2723	  1.0000
  0.0084	  0.0011	  0.0689	 -0.2740	  1.0000
  0.0088	  0.0011	  0.0682	 -0.2733	  1.0000
  0.0092	  0.0011	  0.0665	 -0.2710	  1.0000
  0.0096	  0.0011	  0.0642	 -0.2684	  1.0000
  0.0100	  0.0011	  0.0618	 -0.2665	  1.0000
  0.0104	  0.0011	  0.0599	 -0.2666	  1.0000
  0.0108	  0.0011	  0.0586	 -0.2691	  1.0000
  0.0112	  0.0011	  0.0575	 -0.2736	  1.0000
  0.0116	  0.0011	  0.0493	 -0.2782	  1.0000
  0.0120	  0.0011	  0.0124	 -0.2835	  1.0000
  0.0124	  0.0011	 -0.0304	 -0.2866	  1.0000
  0.0128	  0.0011	 -0.0661	 -0.2884	  1.0000
  0.0132	  0.0011	 -0.0729	 -0.2872	  1.0000
  0.0136	  0.0011	 -0.0732	 -0.2853	  1.0000
  0.0140	  0.0011	 -0.0728	 -0.2812	  1.0000
  0.0144	  0.0011	 -0.0719	 -0.2741	  1.0000
  0.0148	  0.0011	 -0.0700	 -0.2642	  1.0000
  0.0152	  0.0011	 -0.0676	 -0.2539	  1.0000
  0.0156	  0.0011	 -0.0651	 -0.2452	  1.0000
  0.0160	  0.0011	 -0.0629	 -0.2395	  1.0000
  0.0164	  0.0011	 -0.0610	 -0.2353	  1.0000
  0.0168	  0.0011	 -0.0588	 -0.2305	  1.0000
  0.0172	  0.0011	 -0.0553	 -0.2234	  1.0000
  0.0176	  0.0011	 -0.0498	 -0.2150	  1.0000
  0.0180	  0.0011	 -0.0424	 -0.2073	  1.0000
  0.0184	  0.0011	 -0.0345	 -0.2023	  1.0000
  0.0188	  0.0011	 -0.0274	 -0.1997	  1.0000
  0.0192	  0.0011	 -0.0215	 -0.1973	  1.0000
  0.0196	  0.0011	 -0.0159	 -0.1927	  1.0000
  0.0200	  0.0011	 -0.0096	 -0.1861	  1.0000
  0.0204	  0.0011	 -0.0023	 -0.1796	  1.0000
  0.0208	  0.0011	  0.0053	 -0.1760	  1.0000
  0.0212	  0.0011	  0.0119	 -0.1767	  1.0000
  0.0216	  0.0011	  0.0166	 -0.1812	  1.0000
  0.0220	  0.0011	  0.0194	 -0.1880	  1.0000
  0.0224	  0.0011	  0.0211	 -0.1957	  1.0000
  0.0228	  0.0011	  0.0221	 -0.2038	  1.0000
  0.0232	  0.0011	  0.0227	 -0.2122	  1.0000
  0.0236	  0.0011	  0.0226	 -0.2201	  1.0000
  0.0240	  0.0011	  0.0222	 -0.2260	  1.0000
  0.0244	  0.0011	  0.0219	 -0.2286	  1.0000
  0.0004	  0.0017	 -0.0854	 -0.2833	  1.0000
  0.0008	  0.0017	 -0.0846	 -0.2814	  1.0000
  0.0012	  0.0017	 -0.0823	 -0.2760	  1.0000
  0.0016	  0.0017	 -0.0777	 -0.2661	  1.0000
  0.0020	  0.0017	 -0.0713	 -0.2538	  1.0000
  0.0024	  0.0017	 -0.0636	 -0.2412	  1.0000
  0.0028	  0.0017	 -0.0555	 -0.2300	  1.0000
  0.0032	  0.0017	 -0.0468	 -0.2204	  1.0000
  0.0036	  0.0017	 -0.0369	 -0.2140	  1.0000
  0.0040	  0.0017	 -0.0258	 -0.2124	  1.0000
  0.0044	  0.0017	 -0.0144	 -0.2168	  1.0000
  0.0048	  0.0017	 -0.0044	 -0.2260	  1.0000
  0.0052	  0.0017	  0.0036	 -0.2394	  1.0000
  0.0056	  0.0017	  0.0110	 -0.2452	  1.0000
  0.0060	  0.0017	  0.0194	 -0.2456	  1.0000
  0.0064	  0.0017	  0.0302	 -0.2409	  1.0000
  0.0068	  0.0017	  0.0423	 -0.2434	  1.0000
  0.0072	  0.0017	  0.0539	 -0.2510	  1.0000
  0.0076	  0.0017	  0.0628	 -0.2624	  1.0000
  0.0080	  0.0017	  0.0673	 -0.2693	  1.0000
  0.0084	  0.0017	  0.0683	 -0.2719	  1.0000
  0.0088	  0.0017	  0.0668	 -0.2692	  1.0000
  0.0092	  0.0017	  0.0647	 -0.2676	  1.0000
  0.0096	  0.0017	  0.0624	 -0.2666	  1.0000
  0.0100	  0.0017	  0.0603	 -0.2668	  1.0000
  0.0104	  0.0017	  0.0584	 -0.2690	  1.0000
  0.0108	  0.0017	  0.0570	 -0.2727	  1.0000
  0.0112	  0.0017	  0.0550	 -0.2776	  1.0000
  0.0116	  0.0017	  0.0418	 -0.2823	  1.0000
  0.0120	  0.0017	  0.0108	 -0.2863	  1.0000
  0.0124	  0.0017	 -0.0298	 -0.2883	  1.0000
  0.0128	  0.0017	 -0.0595	 -0.2886	  1.0000
  0.0132	  0.0017	 -0.0710	 -0.2875	  1.0000
  0.0136	  0.0017	 -0.0721	 -0.2855	  1.0000
  0.0140	  0.0017	 -0.0724	 -0.2818	  1.0000
  0.0144	  0.0017	 -0.0722	 -0.2754	  1.0000
  0.0148	  0.0017	 -0.0712	 -0.2662	  1.0000
  0.0152	  0.0017	 -0.0698	 -0.2557	  1.0000
  0.0156	  0.0017	 -0.0679	 -0.2460	  1.0000
  0.0160	  0.0017	 -0.0657	 -0.2388	  1.0000
  0.0164	  0.0017	 -0.0627	 -0.2349	  1.0000
  0.0168	  0.0017	 -0.0598	 -0.2282	  1.0000
  0.0172	  0.0017	 -0.0560	 -0.2188	  1.0000
  0.0176	  0.0017	 -0.0509	 -0.2064	  1.0000
  0.0180	  0.0017	 -0.0433	 -0.1980	  1.0000
  0.0184	  0.0017	 -0.0351	 -0.1940	  1.0000
  0.0188	  0.0017	 -0.0279	 -0.1957	  1.0000
  0.0192	  0.0017	 -0.0209	 -0.1940	  1.0000
  0.0196	  0.0017	 -0.0142	 -0.1888	  1.0000
  0.0200	  0.0017	 -0.0069	 -0.1788	  1.0000
  0.0204	  0.0017	  0.0003	 -0.1729	  1.0000
  0.0208	  0.0017	  0.0072	 -0.1714	  1.0000
  0.0212	  0.0017	  0.0135	 -0.1743	  1.0000
  0.0216	  0.0017	  0.0181	 -0.1806	  1.0000
  0.0220	  0.0017	  0.0213	 -0.1879	  1.0000
  0.0224	  0.0017	  0.0233	 -0.1959	  1.0000
  0.0228	  0.0017	  0.0244	 -0.2045	  1.0000
  0.0232	  0.0017	  0.0246	 -0.2135	  1.0000
  0.0236	  0.0017	  0.0239	 -0.2216	  1.0000
  0.0240	  0.0017	  0.0231	 -0.2274	  1.0000
  0.0244	  0.0017	  0.0225	 -0.2298	  1.0000
  0.0004	  0.0022	 -0.0836	 -0.2779	  0.0000
  0.0008	  0.0022	 -0.0840	 -0.2791	  1.0000
  0.0012	  0.0022	 -0.0822	 -0.2734	  0.0000
  0.0016	  0.0022	 -0.0783	 -0.2624	  1.0000
  0.0020	  0.0022	 -0.0717	 -0.2467	  1.0000
  0.0024	  0.0022	 -0.0644	 -0.2372	  1.0000
  0.0028	  0.0022	 -0.0562	 -0.2289	  1.0000
  0.0032	  0.0022	 -0.0474	 -0.2193	  1.0000
  0.0036	  0.0022	 -0.0373	 -0.2081	  1.0000
  0.0040	  0.0022	 -0.0265	 -0.2015	  1.0000
  0.0044	  0.0022	 -0.0155	 -0.2026	  1.0000
  0.0048	  0.0022	 -0.0054	 -0.2108	  1.0000
  0.0052	  0.0022	  0.0033	 -0.2244	  1.0000
  0.0056	  0.0022	  0.0091	 -0.2667	  0.0000
  0.0060	  0.0022	  0.0203	 -0.2273	  1.0000
  0.0064	  0.0022	  0.0307	 -0.2205	  1.0000
  0.0068	  0.0022	  0.0422	 -0.2238	  1.0000
  0.0072	  0.0022	  0.0535	 -0.2360	  1.0000
  0.0076	  0.0022	  0.0625	 -0.2518	  1.0000
  0.0080	  0.0022	  0.0711	 -0.2820	  0.0000
  0.0084	  0.0022	  0.0672	 -0.2651	  1.0000
  0.0088	  0.0022	  0.0650	 -0.2635	  1.0000
  0.0092	  0.0022	  0.0625	 -0.2637	  1.0000
  0.0096	  0.0022	  0.0602	 -0.2652	  1.0000
  0.0100	  0.0022	  0.0582	 -0.2678	  1.0000
  0.0104	  0.0022	  0.0564	 -0.2719	  1.0000
  0.0108	  0.0022	  0.0547	 -0.2764	  1.0000
  0.0112	  0.0022	  0.0519	 -0.2809	  1.0000
  0.0116	  0.0022	  0.0380	 -0.2845	  1.0000
  0.0120	  0.0022	  0.0105	 -0.2872	  1.0000
  0.0124	  0.0022	 -0.0268	 -0.2883	  1.0000
  0.0128	  0.0022	 -0.0537	 -0.2883	  1.0000
  0.0132	  0.0022	 -0.0672	 -0.2873	  1.0000
  0.0136	  0.0022	 -0.0698	 -0.2857	  1.0000
  0.0140	  0.0022	 -0.0713	 -0.2826	  1.0000
  0.0144	  0.0022	 -0.0719	 -0.2771	  1.0000
  0.0148	  0.0022	 -0.0720	 -0.2685	  1.0000
  0.0152	  0.0022	 -0.0719	 -0.2575	  1.0000
  0.0156	  0.0022	 -0.0714	 -0.2463	  1.0000
  0.0160	  0.0022	 -0.0697	 -0.2365	  1.0000
  0.0164	  0.0022	 -0.0664	 -0.2297	  1.0000
  0.0168	  0.0022	 -0.0578	 -0.2402	  0.0000
  0.0172	  0.0022	 -0.0588	 -0.2076	  1.0000
  0.0176	  0.0022	 -0.0530	 -0.1933	  1.0000
  0.0180	  0.0022	 -0.0445	 -0.1841	  1.0000
  0.0184	  0.0022	 -0.0357	 -0.1811	  1.0000
  0.0188	  0.0022	 -0.0273	 -0.1845	  1.0000
  0.0192	  0.0022	 -0.0233	 -0.2104	  0.0000
  0.0196	  0.0022	 -0.0102	 -0.1778	  1.0000
  0.0200	  0.0022	 -0.0028	 -0.1675	  1.0000
  0.0204	  0.0022	  0.0024	 -0.1629	  1.0000
  0.0208	  0.0022	  0.0099	 -0.1636	  1.0000
  0.0212	  0.0022	  0.0151	 -0.1720	  1.0000
  0.0216	  0.0022	  0.0206	 -0.1804	  1.0000
  0.0220	  0.0022	  0.0233	 -0.1887	  1.0000
  0.0224	  0.0022	  0.0266	 -0.1943	  1.0000
  0.0228	  0.0022	  0.0274	 -0.2037	  1.0000
  0.0232	  0.0022	  0.0267	 -0.2143	  1.0000
  0.0236	  0.0022	  0.0252	 -0.2234	  1.0000
  0.0240	  0.0022	  0.0239	 -0.2294	  1.0000
  0.0244	  0.0022	  0.0233	 -0.2318	  1.0000
  0.0004	  0.0028	 -0.0808	 -0.2703	  1.0000
  0.0008	  0.0028	 -0.0814	 -0.2705	  1.0000
  0.0012	  0.0028	 -0.0883	 -0.2924	  0.0000
  0.0016	  0.0028	 -0.0775	 -0.2509	  1.0000
  0.0020	  0.0028	 -0.0724	 -0.2338	  1.0000
  0.0024	  0.0028	 -0.0666	 -0.2241	  1.0000
  0.0028	  0.0028	 -0.0578	 -0.2393	  0.0000
  0.0032	  0.0028	 -0.0473	 -0.2227	  0.0000
  0.0036	  0.0028	 -0.0392	 -0.1968	  0.0000
  0.0040	  0.0028	 -0.0255	 -0.1855	  1.0000
  0.0044	  0.0028	 -0.0155	 -0.1845	  1.0000
  0.0048	  0.0028	 -0.0066	 -0.1891	  1.0000
  0.0052	  0.0028	  0.0043	 -0.2046	  0.0000
  0.0056	  0.0028	  0.0130	 -0.2110	  0.0000
  0.0060	  0.0028	  0.0214	 -0.1970	  1.0000
  0.0064	  0.0028	  0.0311	 -0.1916	  1.0000
  0.0068	  0.0028	  0.0407	 -0.1968	  1.0000
  0.0072	  0.0028	  0.0528	 -0.2123	  1.0000
  0.0076	  0.0028	  0.0656	 -0.2464	  0.0000
  0.0080	  0.0028	  0.0677	 -0.2527	  0.0000
  0.0084	  0.0028	  0.0664	 -0.2537	  1.0000
  0.0088	  0.0028	  0.0629	 -0.2567	  1.0000
  0.0092	  0.0028	  0.0599	 -0.2607	  0.0000
  0.0096	  0.0028	  0.0578	 -0.2642	  0.0000
  0.0100	  0.0028	  0.0559	 -0.2695	  0.0000
  0.0104	  0.0028	  0.0538	 -0.2748	  0.0000
  0.0108	  0.0028	  0.0513	 -0.2796	  1.0000
  0.0112	  0.0028	  0.0472	 -0.2836	  1.0000
  0.0116	  0.0028	  0.0334	 -0.2862	  1.0000
  0.0120	  0.0028	  0.0094	 -0.2875	  1.0000
  0.0124	  0.0028	 -0.0227	 -0.2876	  1.0000
  0.0128	  0.0028	 -0.0463	 -0.2872	  1.0000
  0.0132	  0.0028	 -0.0605	 -0.2866	  1.0000
  0.0136	  0.0028	 -0.0653	 -0.2855	  1.0000
  0.0140	  0.0028	 -0.0687	 -0.2834	  1.0000
  0.0144	  0.0028	 -0.0710	 -0.2802	  0.0000
  0.0148	  0.0028	 -0.0714	 -0.2715	  0.0000
  0.0152	  0.0028	 -0.0732	 -0.2603	  1.0000
  0.0156	  0.0028	 -0.0754	 -0.2448	  1.0000
  0.0160	  0.0028	 -0.0765	 -0.2329	  1.0000
  0.0164	  0.0028	 -0.0707	 -0.2210	  1.0000
  0.0168	  0.0028	 -0.0682	 -0.2064	  0.0000
  0.0172	  0.0028	 -0.0683	 -0.1914	  0.0000
  0.0176	  0.0028	 -0.0539	 -0.1750	  1.0000
  0.0180	  0.0028	 -0.0458	 -0.1661	  1.0000
  0.0184	  0.0028	 -0.0373	 -0.1629	  1.0000
  0.0188	  0.0028	 -0.0256	 -0.1670	  0.0000
  0.0192	  0.0028	 -0.0144	 -0.1726	  0.0000
  0.0196	  0.0028	  0.0017	 -0.1576	  0.0000
  0.0200	  0.0028	 -0.0006	 -0.1520	  1.0000
  0.0204	  0.0028	  0.0051	 -0.1510	  1.0000
  0.0208	  0.0028	  0.0057	 -0.1512	  0.0000
  0.0212	  0.0028	  0.0275	 -0.1598	  0.0000
  0.0216	  0.0028	  0.0157	 -0.2000	  0.0000
  0.0220	  0.0028	  0.0285	 -0.1829	  1.0000
  0.0224	  0.0028	  0.0308	 -0.1885	  1.0000
  0.0228	  0.0028	  0.0315	 -0.2009	  1.0000
  0.0232	  0.0028	  0.0286	 -0.2148	  1.0000
  0.0236	  0.0028	  0.0259	 -0.2264	  1.0000
  0.0240	  0.0028	  0.0239	 -0.2325	  1.0000
  0.0244	  0.0028	  0.0246	 -0.2351	  1.0000
  0.0004	  0.0034	 -0.0749	 -0.2554	  1.0000
  0.0008	  0.0034	 -0.0793	 -0.2664	  0.0000
  0.0012	  0.0034	 -0.0763	 -0.2462	  0.0000
  0.0016	  0.0034	 -0.0712	 -0.2321	  0.0000
  0.0020	  0.0034	 -0.0784	 -0.2173	  0.0000
  0.0024	  0.0034	 -0.0706	 -0.1979	  0.0000
  0.0028	  0.0034	 -0.0611	 -0.1921	  0.0000
  0.0032	  0.0034	 -0.0390	 -0.1838	  0.0000
  0.0036	  0.0034	 -0.0280	 -0.1689	  0.0000
  0.0040	  0.0034	 -0.0239	 -0.1668	  0.0000
  0.0044	  0.0034	 -0.0166	 -0.1598	  0.0000
  0.0048	  0.0034	 -0.0040	 -0.1644	  0.0000
  0.0052	  0.0034	 -0.0036	 -0.1643	  0.0000
  0.0056	  0.0034	  0.0130	 -0.1535	  0.0000
  0.0060	  0.0034	  0.0251	 -0.1501	  0.0000
  0.0064	  0.0034	  0.0301	 -0.1578	  1.0000
  0.0068	  0.0034	  0.0388	 -0.1641	  0.0000
  0.0072	  0.0034	  0.0454	 -0.1722	  0.0000
  0.0076	  0.0034	  0.0709	 -0.2095	  0.0000
  0.0080	  0.0034	  0.0719	 -0.2148	  0.0000
  0.0084	  0.0034	  0.0662	 -0.2368	  0.0000
  0.0088	  0.0034	  0.0591	 -0.2586	  0.0000
  0.0092	  0.0034	  0.0565	 -0.2534	  0.0000
  0.0096	  0.0034	  0.0553	 -0.2648	  0.0000
  0.0100	  0.0034	  0.0537	 -0.2729	  1.0000
  0.0104	  0.0034	  0.0501	 -0.2779	  0.0000
  0.0108	  0.0034	  0.0465	 -0.2824	  1.0000
  0.0112	  0.0034	  0.0409	 -0.2855	  1.0000
  0.0116	  0.0034	  0.0280	 -0.2872	  1.0000
  0.0120	  0.0034	  0.0076	 -0.2874	  1.0000
  0.0124	  0.0034	 -0.0179	 -0.2867	  0.0000
  0.0128	  0.0034	 -0.0379	 -0.2859	  0.0000
  0.0132	  0.0034	 -0.0514	 -0.2854	  1.0000
  0.0136	  0.0034	 -0.0585	 -0.2848	  1.0000
  0.0140	  0.0034	 -0.0643	 -0.2835	  0.0000
  0.0144	  0.0034	 -0.0692	 -0.2823	  0.0000
  0.0148	  0.0034	 -0.0740	 -0.2882	  0.0000
  0.0152	  0.0034	 -0.0645	 -0.2546	  0.0000
  0.0156	  0.0034	 -0.0828	 -0.2499	  0.0000
  0.0160	  0.0034	 -0.0913	 -0.2215	  0.0000
  0.0164	  0.0034	 -0.0837	 -0.2147	  0.0000
  0.0168	  0.0034	 -0.0516	 -0.1875	  0.0000
  0.0172	  0.0034	 -0.0620	 -0.1611	  0.0000
  0.0176	  0.0034	 -0.0505	 -0.1497	  0.0000
  0.0180	  0.0034	 -0.0466	 -0.1486	  0.0000
  0.0184	  0.0034	 -0.0447	 -0.1381	  0.0000
  0.0188	  0.0034	 -0.0286	 -0.1365	  0.0000
  0.0192	  0.0034	 -0.0293	 -0.1397	  0.0000
  0.0196	  0.0034	 -0.0138	 -0.1260	  0.0000
  0.0200	  0.0034	  0.0005	 -0.1390	  0.0000
  0.0204	  0.0034	  0.0115	 -0.1365	  0.0000
  0.0208	  0.0034	  0.0133	 -0.1383	  0.0000
  0.0212	  0.0034	  0.0221	 -0.1448	  0.0000
  0.0216	  0.0034	  0.0390	 -0.1645	  0.0000
  0.0220	  0.0034	  0.0350	 -0.1738	  0.0000
  0.0224	  0.0034	  0.0358	 -0.1737	  1.0000
  0.0228	  0.0034	  0.0361	 -0.1894	  1.0000
  0.0232	  0.0034	  0.0378	 -0.2259	  0.0000
  0.0236	  0.0034	  0.0158	 -0.2306	  0.0000
  0.0240	  0.0034	  0.0245	 -0.2357	  1.0000
  0.0244	  0.0034	  0.0281	 -0.2422	  1.0000
  0.0004	  0.0039	 -0.0666	 -0.2408	  1.0000
  0.0008	  0.0039	 -0.0661	 -0.2282	  0.0000
  0.0012	  0.0039	 -0.0647	 -0.2189	  1.0000
  0.0016	  0.0039	 -0.0617	 -0.1980	  1.0000
  0.0020	  0.0039	 -0.0500	 -0.1708	  0.0000
  0.0024	  0.0039	 -0.0627	 -0.1614	  0.0000
  0.0028	  0.0039	 -0.0602	 -0.1538	  0.0000
  0.0032	  0.0039	 -0.0357	 -0.1485	  0.0000
  0.0036	  0.0039	 -0.0241	 -0.1342	  0.0000
  0.0040	  0.0039	 -0.0259	 -0.1209	  0.0000
  0.0044	  0.0039	 -0.0127	 -0.1108	  0.0000
  0.0048	  0.0039	  0.0022	 -0.1058	  0.0000
  0.0052	  0.0039	  0.0028	 -0.1005	  0.0000
  0.0056	  0.0039	  0.0051	 -0.1064	  0.0000
  0.0060	  0.0039	  0.0198	 -0.1112	  0.0000
  0.0064	  0.0039	  0.0312	 -0.1207	  0.0000
  0.0068	  0.0039	  0.0332	 -0.1340	  0.0000
  0.0072	  0.0039	  0.0406	 -0.1451	  0.0000
  0.0076	  0.0039	  0.0726	 -0.1941	  0.0000
  0.0080	  0.0039	  0.0770	 -0.2056	  0.0000
  0.0084	  0.0039	  0.0614	 -0.1924	  0.0000
  0.0088	  0.0039	  0.0483	 -0.2003	  0.0000
  0.0092	  0.0039	  0.0487	 -0.2494	  0.0000
  0.0096	  0.0039	  0.0602	 -0.2750	  0.0000
  0.0100	  0.0039	  0.0491	 -0.2754	  1.0000
  0.0104	  0.0039	  0.0452	 -0.2818	  0.0000
  0.0108	  0.0039	  0.0398	 -0.2844	  0.0000
  0.0112	  0.0039	  0.0327	 -0.2866	  0.0000
  0.0116	  0.0039	  0.0210	 -0.2876	  0.0000
  0.0120	  0.0039	  0.0047	 -0.2870	  0.0000
  0.0124	  0.0039	 -0.0139	 -0.2856	  0.0000
  0.0128	  0.0039	 -0.0293	 -0.2844	  0.0000
  0.0132	  0.0039	 -0.0410	 -0.2839	  1.0000
  0.0136	  0.0039	 -0.0494	 -0.2835	  1.0000
  0.0140	  0.0039	 -0.0582	 -0.2838	  0.0000
  0.0144	  0.0039	 -0.0655	 -0.2803	  1.0000
  0.0148	  0.0039	 -0.0764	 -0.2849	  0.0000
  0.0152	  0.0039	 -0.0547	 -0.2374	  0.0000
  0.0156	  0.0039	 -0.0723	 -0.2289	  0.0000
  0.0160	  0.0039	 -0.0941	 -0.2045	  0.0000
  0.0164	  0.0039	 -0.0515	 -0.1650	  0.0000
  0.0168	  0.0039	 -0.0536	 -0.1484	  0.0000
  0.0172	  0.0039	 -0.0602	 -0.1339	  0.0000
  0.0176	  0.0039	 -0.0128	 -0.1060	  0.0000
  0.0180	  0.0039	 -0.0296	 -0.1121	  1.0000
  0.0184	  0.0039	 -0.0202	 -0.0961	  0.0000
  0.0188	  0.0039	 -0.0111	 -0.1103	  0.0000
  0.0192	  0.0039	 -0.0111	 -0.1089	  0.0000
  0.0196	  0.0039	 -0.0019	 -0.0901	  0.0000
  0.0200	  0.0039	 -0.0039	 -0.0990	  1.0000
  0.0204	  0.0039	  0.0041	 -0.1028	  1.0000
  0.0208	  0.0039	  0.0192	 -0.1067	  0.0000
  0.0212	  0.0039	  0.0315	 -0.1163	  1.0000
  0.0216	  0.0039	  0.0500	 -0.1333	  0.0000
  0.0220	  0.0039	  0.0301	 -0.1366	  0.0000
  0.0224	  0.0039	  0.0340	 -0.1424	  0.0000
  0.0228	  0.0039	  0.0594	 -0.1745	  0.0000
  0.0232	  0.0039	  0.0296	 -0.1941	  1.0000
  0.0236	  0.0039	  0.0105	 -0.2101	  0.0000
  0.0240	  0.0039	  0.0391	 -0.2593	  0.0000
  0.0244	  0.0039	  0.0285	 -0.2462	  1.0000
  0.0004	  0.0045	 -0.0558	 -0.2269	  1.0000
  0.0008	  0.0045	 -0.0568	 -0.2270	  0.0000
  0.0012	  0.0045	 -0.0551	 -0.1908	  0.0000
  0.0016	  0.0045	 -0.0510	 -0.1629	  0.0000
  0.0020	  0.0045	 -0.0472	 -0.1445	  0.0000
  0.0024	  0.0045	 -0.0573	 -0.1347	  0.0000
  0.0028	  0.0045	 -0.0606	 -0.1187	  0.0000
  0.0032	  0.0045	 -0.0237	 -0.0902	  0.0000
  0.0036	  0.0045	 -0.0143	 -0.0844	  0.0000
  0.0040	  0.0045	 -0.0137	 -0.0783	  0.0000
  0.0044	  0.0045	 -0.0120	 -0.0777	  0.0000
  0.0048	  0.0045	  0.0042	 -0.0808	  0.0000
  0.0052	  0.0045	  0.0024	 -0.0812	  0.0000
  0.0056	  0.0045	  0.0025	 -0.0851	  0.0000
  0.0060	  0.0045	  0.0224	 -0.0901	  0.0000
  0.0064	  0.0045	  0.0311	 -0.0991	  0.0000
  0.0068	  0.0045	  0.0268	 -0.0956	  0.0000
  0.0072	  0.0045	  0.0334	 -0.1059	  0.0000
  0.0076	  0.0045	  0.0545	 -0.1232	  0.0000
  0.0080	  0.0045	  0.0615	 -0.1470	  0.0000
  0.0084	  0.0045	  0.0517	 -0.1814	  0.0000
  0.0088	  0.0045	  0.0401	 -0.1933	  0.0000
  0.0092	  0.0045	  0.0481	 -0.2219	  0.0000
  0.0096	  0.0045	  0.0408	 -0.2555	  0.0000
  0.0100	  0.0045	  0.0471	 -0.2907	  0.0000
  0.0104	  0.0045	  0.0381	 -0.2840	  0.0000
  0.0108	  0.0045	  0.0311	 -0.2846	  0.0000
  0.0112	  0.0045	  0.0230	 -0.2863	  0.0000
  0.0116	  0.0045	  0.0126	 -0.2868	  1.0000
  0.0120	  0.0045	  0.0005	 -0.2856	  1.0000
  0.0124	  0.0045	 -0.0119	 -0.2839	  0.0000
  0.0128	  0.0045	 -0.0223	 -0.2827	  0.0000
  0.0132	  0.0045	 -0.0309	 -0.2822	  0.0000
  0.0136	  0.0045	 -0.0383	 -0.2817	  0.0000
  0.0140	  0.0045	 -0.0477	 -0.2812	  0.0000
  0.0144	  0.0045	 -0.0671	 -0.2912	  0.0000
  0.0148	  0.0045	 -0.0646	 -0.2461	  0.0000
  0.0152	  0.0045	 -0.0603	 -0.2322	  0.0000
  0.0156	  0.0045	 -0.0640	 -0.2256	  0.0000
  0.0160	  0.0045	 -0.0438	 -0.1759	  0.0000
  0.0164	  0.0045	 -0.0417	 -0.1418	  0.0000
  0.0168	  0.0045	 -0.0529	 -0.1269	  0.0000
  0.0172	  0.0045	 -0.0548	 -0.1186	  0.0000
  0.0176	  0.0045	 -0.0106	 -0.0941	  0.0000
  0.0180	  0.0045	 -0.0249	 -0.0876	  0.0000
  0.0184	  0.0045	 -0.0267	 -0.0763	  0.0000
  0.0188	  0.0045	 -0.0186	 -0.0697	  0.0000
  0.0192	  0.0045	 -0.0173	 -0.0669	  0.0000
  0.0196	  0.0045	 -0.0127	 -0.0648	  0.0000
  0.0200	  0.0045	 -0.0135	 -0.0651	  0.0000
  0.0204	  0.0045	 -0.0054	 -0.0678	  0.0000
  0.0208	  0.0045	  0.0113	 -0.0700	  0.0000
  0.0212	  0.0045	  0.0519	 -0.0770	  0.0000
  0.0216	  0.0045	  0.0454	 -0.0960	  0.0000
  0.0220	  0.0045	  0.0207	 -0.1133	  0.0000
  0.0224	  0.0045	  0.0344	 -0.1286	  0.0000
  0.0228	  0.0045	  0.0442	 -0.1419	  0.0000
  0.0232	  0.0045	  0.0221	 -0.1697	  0.0000
  0.0236	  0.0045	  0.0106	 -0.2105	  0.0000
  0.0240	  0.0045	  0.0290	 -0.2472	  0.0000
  0.0244	  0.0045	  0.0216	 -0.2451	  1.0000
  0.0004	  0.0050	 -0.0457	 -0.2171	  1.0000
  0.0008	  0.0050	 -0.0438	 -0.2217	  0.0000
  0.0012	  0.0050	 -0.0428	 -0.1806	  0.0000
  0.0016	  0.0050	 -0.0425	 -0.1584	  0.0000
  0.0020	  0.0050	 -0.0428	 -0.1268	  0.0000
  0.0024	  0.0050	 -0.0398	 -0.1097	  0.0000
  0.0028	  0.0050	 -0.0355	 -0.0892	  0.0000
  0.0032	  0.0050	 -0.0131	 -0.0659	  0.0000
  0.0036	  0.0050	 -0.0087	 -0.0554	  0.0000
  0.0040	  0.0050	 -0.0111	 -0.0491	  0.0000
  0.0044	  0.0050	 -0.0127	 -0.0594	  0.0000
  0.0048	  0.0050	  0.0031	 -0.0568	  0.0000
  0.0052	  0.0050	  0.0028	 -0.0532	  0.0000
  0.0056	  0.0050	  0.0100	 -0.0587	  0.0000
  0.0060	  0.0050	  0.0271	 -0.0715	  0.0000
  0.0064	  0.0050	  0.0193	 -0.0718	  0.0000
  0.0068	  0.0050	  0.0187	 -0.0805	  0.0000
  0.0072	  0.0050	  0.0345	 -0.0934	  0.0000
  0.0076	  0.0050	  0.0415	 -0.1022	  0.0000
  0.0080	  0.0050	  0.0435	 -0.1274	  0.0000
  0.0084	  0.0050	  0.0370	 -0.1618	  0.0000
  0.0088	  0.0050	  0.0235	 -0.1743	  0.0000
  0.0092	  0.0050	  0.0453	 -0.2234	  0.0000
  0.0096	  0.0050	  0.0454	 -0.2575	  0.0000
  0.0100	  0.0050	  0.0381	 -0.2890	  0.0000
  0.0104	  0.0050	  0.0291	 -0.2796	  0.0000
  0.0108	  0.0050	  0.0208	 -0.2830	  0.0000
  0.0112	  0.0050	  0.0125	 -0.2843	  0.0000
  0.0116	  0.0050	  0.0039	 -0.2836	  1.0000
  0.0120	  0.0050	 -0.0043	 -0.2819	  1.0000
  0.0124	  0.0050	 -0.0115	 -0.2804	  0.0000
  0.0128	  0.0050	 -0.0171	 -0.2798	  0.0000
  0.0132	  0.0050	 -0.0218	 -0.2802	  1.0000
  0.0136	  0.0050	 -0.0262	 -0.2802	  0.0000
  0.0140	  0.0050	 -0.0309	 -0.2769	  0.0000
  0.0144	  0.0050	 -0.0443	 -0.2703	  0.0000
  0.0148	  0.0050	 -0.0550	 -0.2451	  0.0000
  0.0152	  0.0050	 -0.0593	 -0.2087	  0.0000
  0.0156	  0.0050	 -0.0379	 -0.1870	  0.0000
  0.0160	  0.0050	 -0.0429	 -0.1560	  0.0000
  0.0164	  0.0050	 -0.0424	 -0.1367	  0.0000
  0.0168	  0.0050	 -0.0539	 -0.1204	  0.0000
  0.0172	  0.0050	 -0.0218	 -0.0913	  0.0000
  0.0176	  0.0050	 -0.0259	 -0.0667	  0.0000
  0.0180	  0.0050	 -0.0213	 -0.0590	  0.0000
  0.0184	  0.0050	 -0.0312	 -0.0666	  0.0000
  0.0188	  0.0050	 -0.0303	 -0.0535	  0.0000
  0.0192	  0.0050	 -0.0208	 -0.0406	  0.0000
  0.0196	  0.0050	 -0.0178	 -0.0418	  0.0000
  0.0200	  0.0050	 -0.0187	 -0.0443	  0.0000
  0.0204	  0.0050	 -0.0051	 -0.0524	  1.0000
  0.0208	  0.0050	 -0.0030	 -0.0545	  0.0000
  0.0212	  0.0050	  0.0096	 -0.0630	  0.0000
  0.0216	  0.0050	  0.0217	 -0.0883	  0.0000
  0.0220	  0.0050	  0.0206	 -0.1045	  0.0000
  0.0224	  0.0050	  0.0224	 -0.1211	  1.0000
  0.0228	  0.0050	  0.0202	 -0.1417	  1.0000
  0.0232	  0.0050	  0.0144	 -0.1677	  1.0000
  0.0236	  0.0050	  0.0097	 -0.1976	  1.0000
  0.0240	  0.0050	  0.0009	 -0.2406	  0.0000
  0.0244	  0.0050	  0.0097	 -0.2294	  1.0000
  0.0004	  0.0056	 -0.0376	 -0.2041	  1.0000
  0.0008	  0.0056	 -0.0344	 -0.2055	  0.0000
  0.0012	  0.0056	 -0.0413	 -0.1780	  0.0000
  0.0016	  0.0056	 -0.0228	 -0.1415	  0.0000
  0.0020	  0.0056	 -0.0263	 -0.1127	  0.0000
  0.0024	  0.0056	 -0.0224	 -0.0949	  0.0000
  0.0028	  0.0056	 -0.0129	 -0.0736	  0.0000
  0.0032	  0.0056	 -0.0035	 -0.0635	  0.0000
  0.0036	  0.0056	 -0.0044	 -0.0516	  0.0000
  0.0040	  0.0056	 -0.0097	 -0.0437	  0.0000
  0.0044	  0.0056	 -0.0068	 -0.0395	  0.0000
  0.0048	  0.0056	  0.0005	 -0.0378	  0.0000
  0.0052	  0.0056	 -0.0035	 -0.0352	  0.0000
  0.0056	  0.0056	  0.0061	 -0.0323	  0.0000
  0.0060	  0.0056	  0.0074	 -0.0402	  0.0000
  0.0064	  0.0056	 -0.0006	 -0.0555	  0.0000
  0.0068	  0.0056	  0.0199	 -0.0650	  0.0000
  0.0072	  0.0056	  0.0203	 -0.0760	  0.0000
  0.0076	  0.0056	  0.0207	 -0.0884	  0.0000
  0.0080	  0.0056	  0.0350	 -0.1244	  0.0000
  0.0084	  0.0056	  0.0328	 -0.1479	  0.0000
  0.0088	  0.0056	  0.0169	 -0.1621	  0.0000
  0.0092	  0.0056	  0.0144	 -0.1858	  0.0000
  0.0096	  0.0056	  0.0427	 -0.2276	  0.0000
  0.0100	  0.0056	  0.0284	 -0.2451	  0.0000
  0.0104	  0.0056	  0.0175	 -0.2751	  0.0000
  0.0108	  0.0056	  0.0094	 -0.2821	  0.0000
  0.0112	  0.0056	  0.0020	 -0.2803	  0.0000
  0.0116	  0.0056	 -0.0042	 -0.2781	  0.0000
  0.0120	  0.0056	 -0.0089	 -0.2757	  1.0000
  0.0124	  0.0056	 -0.0118	 -0.2746	  1.0000
  0.0128	  0.0056	 -0.0134	 -0.2754	  1.0000
  0.0132	  0.0056	 -0.0144	 -0.2774	  0.0000
  0.0136	  0.0056	 -0.0150	 -0.2799	  1.0000
  0.0140	  0.0056	 -0.0137	 -0.2796	  0.0000
  0.0144	  0.0056	  0.0044	 -0.2497	  0.0000
  0.0148	  0.0056	 -0.0247	 -0.2268	  0.0000
  0.0152	  0.0056	 -0.0322	 -0.2012	  0.0000
  0.0156	  0.0056	 -0.0305	 -0.1678	  0.0000
  0.0160	  0.0056	 -0.0363	 -0.1413	  0.0000
  0.0164	  0.0056	 -0.0256	 -0.1224	  1.0000
  0.0168	  0.0056	 -0.0228	 -0.1005	  1.0000
  0.0172	  0.0056	 -0.0302	 -0.0788	  0.0000
  0.0176	  0.0056	 -0.0381	 -0.0687	  0.0000
  0.0180	  0.0056	 -0.0211	 -0.0574	  0.0000
  0.0184	  0.0056	 -0.0170	 -0.0454	  0.0000
  0.0188	  0.0056	 -0.0135	 -0.0383	  1.0000
  0.0192	  0.0056	 -0.0069	 -0.0246	  0.0000
  0.0196	  0.0056	  0.0131	 -0.0202	  0.0000
  0.0200	  0.0056	  0.0056	 -0.0286	  0.0000
  0.0204	  0.0056	 -0.0069	 -0.0403	  1.0000
  0.0208	  0.0056	 -0.0101	 -0.0485	  0.0000
  0.0212	  0.0056	 -0.0078	 -0.0509	  0.0000
  0.0216	  0.0056	 -0.0090	 -0.0593	  0.0000
  0.0220	  0.0056	  0.0176	 -0.0938	  0.0000
  0.0224	  0.0056	  0.0152	 -0.1088	  0.0000
  0.0228	  0.0056	  0.0065	 -0.1360	  1.0000
  0.0232	  0.0056	  0.0024	 -0.1596	  1.0000
  0.0236	  0.0056	 -0.0009	 -0.1826	  1.0000
  0.0240	  0.0056	 -0.0019	 -0.1997	  1.0000
  0.0244	  0.0056	 -0.0025	 -0.2083	  1.0000
  0.0004	  0.0062	 -0.0285	 -0.1894	  1.0000
  0.0008	  0.0062	 -0.0356	 -0.1868	  0.0000
  0.0012	  0.0062	 -0.0277	 -0.1650	  0.0000
  0.0016	  0.0062	 -0.0107	 -0.1229	  0.0000
  0.0020	  0.0062	 -0.0130	 -0.1006	  0.0000
  0.0024	  0.0062	 -0.0122	 -0.0848	  0.0000
  0.0028	  0.0062	 -0.0102	 -0.0712	  0.0000
  0.0032	  0.0062	 -0.0014	 -0.0649	  0.0000
  0.0036	  0.0062	 -0.0007	 -0.0455	  0.0000
  0.0040	  0.0062	  0.0055	 -0.0253	  0.0000
  0.0044	  0.0062	  0.0008	 -0.0186	  0.0000
  0.0048	  0.0062	 -0.0034	 -0.0233	  0.0000
  0.0052	  0.0062	 -0.0070	 -0.0244	  0.0000
  0.0056	  0.0062	  0.0090	 -0.0293	  0.0000
  0.0060	  0.0062	 -0.0009	 -0.0331	  0.0000
  0.0064	  0.0062	 -0.0057	 -0.0489	  0.0000
  0.0068	  0.0062	  0.0089	 -0.0579	  0.0000
  0.0072	  0.0062	  0.0041	 -0.0686	  0.0000
  0.0076	  0.0062	  0.0135	 -0.0832	  0.0000
  0.0080	  0.0062	 -0.0114	 -0.1060	  0.0000
  0.0084	  0.0062	 -0.0065	 -0.1283	  0.0000
  0.0088	  0.0062	  0.0030	 -0.1571	  0.0000
  0.0092	  0.0062	  0.0009	 -0.1671	  0.0000
  0.0096	  0.0062	  0.0322	 -0.1793	  0.0000
  0.0100	  0.0062	  0.0119	 -0.2460	  1.0000
  0.0104	  0.0062	  0.0051	 -0.2948	  0.0000
  0.0108	  0.0062	 -0.0033	 -0.2778	  0.0000
  0.0112	  0.0062	 -0.0078	 -0.2747	  0.0000
  0.0116	  0.0062	 -0.0105	 -0.2704	  0.0000
  0.0120	  0.0062	 -0.0119	 -0.2673	  0.0000
  0.0124	  0.0062	 -0.0120	 -0.2670	  0.0000
  0.0128	  0.0062	 -0.0109	 -0.2694	  1.0000
  0.0132	  0.0062	 -0.0093	 -0.2734	  1.0000
  0.0136	  0.0062	 -0.0068	 -0.2770	  1.0000
  0.0140	  0.0062	 -0.0008	 -0.2909	  0.0000
  0.0144	  0.0062	  0.0147	 -0.2522	  0.0000
  0.0148	  0.0062	 -0.0105	 -0.2169	  0.0000
  0.0152	  0.0062	 -0.0194	 -0.1960	  0.0000
  0.0156	  0.0062	 -0.0049	 -0.1825	  0.0000
  0.0160	  0.0062	 -0.0145	 -0.1365	  0.0000
  0.0164	  0.0062	  0.0078	 -0.1056	  0.0000
  0.0168	  0.0062	  0.0006	 -0.0825	  0.0000
  0.0172	  0.0062	 -0.0167	 -0.0665	  0.0000
  0.0176	  0.0062	 -0.0147	 -0.0600	  1.0000
  0.0180	  0.0062	 -0.0060	 -0.0457	  0.0000
  0.0184	  0.0062	 -0.0014	 -0.0369	  1.0000
  0.0188	  0.0062	  0.0034	 -0.0250	  0.0000
  0.0192	  0.0062	 -0.0036	 -0.0139	  0.0000
  0.0196	  0.0062	 -0.0011	 -0.0106	  0.0000
  0.0200	  0.0062	 -0.0056	 -0.0180	  0.0000
  0.0204	  0.0062	 -0.0059	 -0.0329	  1.0000
  0.0208	  0.0062	 -0.0124	 -0.0432	  1.0000
  0.0212	  0.0062	 -0.0162	 -0.0527	  1.0000
  0.0216	  0.0062	 -0.0123	 -0.0618	  0.0000
  0.0220	  0.0062	 -0.0008	 -0.0821	  0.0000
  0.0224	  0.0062	 -0.0026	 -0.1051	  1.0000
  0.0228	  0.0062	 -0.0094	 -0.1376	  0.0000
  0.0232	  0.0062	 -0.0109	 -0.1462	  0.0000
  0.0236	  0.0062	 -0.0114	 -0.1649	  1.0000
  0.0240	  0.0062	 -0.0119	 -0.1783	  1.0000
  0.0244	  0.0062	 -0.0119	 -0.1840	  1.0000
  0.0004	  0.0067	 -0.0070	 -0.1785	  1.0000
  0.0008	  0.0067	 -0.0278	 -0.1723	  0.0000
  0.0012	  0.0067	 -0.0071	 -0.1490	  0.0000
  0.0016	  0.0067	 -0.0031	 -0.1135	  0.0000
  0.0020	  0.0067	 -0.0005	 -0.0908	  0.0000
  0.0024	  0.0067	 -0.0043	 -0.0857	  0.0000
  0.0028	  0.0067	  0.0065	 -0.0768	  0.0000
  0.0032	  0.0067	  0.0095	 -0.0614	  0.0000
  0.0036	  0.0067	  0.0055	 -0.0423	  0.0000
  0.0040	  0.0067	  0.0093	 -0.0191	  0.0000
  0.0044	  0.0067	  0.0061	 -0.0135	  0.0000
  0.0048	  0.0067	 -0.0024	 -0.0107	  0.0000
  0.0052	  0.0067	 -0.0048	 -0.0193	  0.0000
  0.0056	  0.0067	  0.0008	 -0.0240	  0.0000
  0.0060	  0.0067	  0.0028	 -0.0287	  0.0000
  0.0064	  0.0067	 -0.0037	 -0.0412	  0.0000
  0.0068	  0.0067	 -0.0167	 -0.0511	  0.0000
  0.0072	  0.0067	 -0.0120	 -0.0741	  0.0000
  0.0076	  0.0067	  0.0094	 -0.0895	  0.0000
  0.0080	  0.0067	 -0.0212	 -0.1082	  0.0000
  0.0084	  0.0067	 -0.0225	 -0.1268	  0.0000
  0.0088	  0.0067	 -0.0087	 -0.1592	  0.0000
  0.0092	  0.0067	  0.0015	 -0.1702	  0.0000
  0.0096	  0.0067	 -0.0137	 -0.2244	  0.0000
  0.0100	  0.0067	 -0.0027	 -0.2543	  0.0000
  0.0104	  0.0067	 -0.0144	 -0.2670	  0.0000
  0.0108	  0.0067	 -0.0181	 -0.2751	  0.0000
  0.0112	  0.0067	 -0.0166	 -0.2685	  0.0000
  0.0116	  0.0067	 -0.0140	 -0.2611	  1.0000
  0.0120	  0.0067	 -0.0133	 -0.2584	  0.0000
  0.0124	  0.0067	 -0.0121	 -0.2591	  0.0000
  0.0128	  0.0067	 -0.0098	 -0.2628	  1.0000
  0.0132	  0.0067	 -0.0065	 -0.2679	  1.0000
  0.0136	  0.0067	 -0.0024	 -0.2743	  1.0000
  0.0140	  0.0067	  0.0037	 -0.2680	  0.0000
  0.0144	  0.0067	  0.0092	 -0.2617	  0.0000
  0.0148	  0.0067	 -0.0026	 -0.2229	  0.0000
  0.0152	  0.0067	  0.0018	 -0.1910	  1.0000
  0.0156	  0.0067	  0.0033	 -0.1770	  0.0000
  0.0160	  0.0067	  0.0083	 -0.1330	  0.0000
  0.0164	  0.0067	  0.0061	 -0.1058	  0.0000
  0.0168	  0.0067	  0.0006	 -0.0852	  0.0000
  0.0172	  0.0067	 -0.0062	 -0.0661	  0.0000
  0.0176	  0.0067	 -0.0016	 -0.0551	  1.0000
  0.0180	  0.0067	  0.0025	 -0.0416	  1.0000
  0.0184	  0.0067	  0.0191	 -0.0223	  0.0000
  0.0188	  0.0067	  0.0216	 -0.0196	  0.0000
  0.0192	  0.0067	  0.0068	 -0.0129	  0.0000
  0.0196	  0.0067	 -0.0033	 -0.0105	  0.0000
  0.0200	  0.0067	 -0.0010	 -0.0190	  0.0000
  0.0204	  0.0067	  0.0016	 -0.0255	  0.0000
  0.0208	  0.0067	 -0.0185	 -0.0403	  1.0000
  0.0212	  0.0067	 -0.0351	 -0.0543	  0.0000
  0.0216	  0.0067	 -0.0243	 -0.0636	  1.0000
  0.0220	  0.0067	 -0.0176	 -0.0713	  0.0000
  0.0224	  0.0067	 -0.0162	 -0.0866	  0.0000
  0.0228	  0.0067	 -0.0164	 -0.1245	  0.0000
  0.0232	  0.0067	 -0.0229	 -0.1353	  0.0000
  0.0236	  0.0067	 -0.0236	 -0.1511	  1.0000
  0.0240	  0.0067	 -0.0230	 -0.1603	  1.0000
  0.0244	  0.0067	 -0.0227	 -0.1643	  1.0000
  0.0004	  0.0073	  0.0162	 -0.1704	  1.0000
  0.0008	  0.0073	  0.0409	 -0.1735	  0.0000
  0.0012	  0.0073	  0.0098	 -0.1409	  0.0000
  0.0016	  0.0073	  0.0063	 -0.1040	  0.0000
  0.0020	  0.0073	  0.0027	 -0.0911	  0.0000
  0.0024	  0.0073	  0.0019	 -0.0844	  0.0000
  0.0028	  0.0073	  0.0165	 -0.0650	  0.0000
  0.0032	  0.0073	  0.0137	 -0.0553	  0.0000
  0.0036	  0.0073	  0.0060	 -0.0409	  0.0000
  0.0040	  0.0073	  0.0152	 -0.0290	  0.0000
  0.0044	  0.0073	  0.0112	 -0.0191	  1.0000
  0.0048	  0.0073	  0.0106	 -0.0116	  0.0000
  0.0052	  0.0073	  0.0020	 -0.0196	  0.0000
  0.0056	  0.0073	 -0.0026	 -0.0150	  0.0000
  0.0060	  0.0073	  0.0013	 -0.0107	  0.0000
  0.0064	  0.0073	 -0.0037	 -0.0291	  0.0000
  0.0068	  0.0073	 -0.0213	 -0.0494	  0.0000
  0.0072	  0.0073	 -0.0202	 -0.0718	  0.0000
  0.0076	  0.0073	 -0.0184	 -0.0858	  0.0000
  0.0080	  0.0073	 -0.0244	 -0.1006	  1.0000
  0.0084	  0.0073	 -0.0249	 -0.1196	  1.0000
  0.0088	  0.0073	 -0.0173	 -0.1290	  0.0000
  0.0092	  0.0073	 -0.0210	 -0.1676	  1.0000
  0.0096	  0.0073	 -0.0312	 -0.1955	  0.0000
  0.0100	  0.0073	 -0.0191	 -0.2252	  0.0000
  0.0104	  0.0073	 -0.0450	 -0.2775	  0.0000
  0.0108	  0.0073	 -0.0429	 -0.2836	  0.0000
  0.0112	  0.0073	 -0.0172	 -0.2546	  1.0000
  0.0116	  0.0073	 -0.0129	 -0.2506	  0.0000
  0.0120	  0.0073	 -0.0134	 -0.2501	  0.0000
  0.0124	  0.0073	 -0.0124	 -0.2522	  1.0000
  0.0128	  0.0073	 -0.0097	 -0.2565	  1.0000
  0.0132	  0.0073	 -0.0056	 -0.2618	  1.0000
  0.0136	  0.0073	 -0.0007	 -0.2664	  1.0000
  0.0140	  0.0073	  0.0039	 -0.2850	  0.0000
  0.0144	  0.0073	  0.0116	 -0.2345	  0.0000
  0.0148	  0.0073	  0.0136	 -0.2056	  1.0000
  0.0152	  0.0073	  0.0151	 -0.1778	  1.0000
  0.0156	  0.0073	  0.0188	 -0.1502	  1.0000
  0.0160	  0.0073	  0.0198	 -0.1245	  1.0000
  0.0164	  0.0073	  0.0180	 -0.0995	  1.0000
  0.0168	  0.0073	  0.0111	 -0.0780	  0.0000
  0.0172	  0.0073	  0.0088	 -0.0686	  0.0000
  0.0176	  0.0073	  0.0082	 -0.0534	  1.0000
  0.0180	  0.0073	  0.0109	 -0.0388	  1.0000
  0.0184	  0.0073	  0.0052	 -0.0211	  0.0000
  0.0188	  0.0073	  0.0110	 -0.0197	  0.0000
  0.0192	  0.0073	  0.0076	 -0.0161	  1.0000
  0.0196	  0.0073	  0.0001	 -0.0158	  1.0000
  0.0200	  0.0073	 -0.0098	 -0.0173	  0.0000
  0.0204	  0.0073	 -0.0052	 -0.0280	  0.0000
  0.0208	  0.0073	 -0.0224	 -0.0364	  1.0000
  0.0212	  0.0073	 -0.0522	 -0.0495	  0.0000
  0.0216	  0.0073	 -0.0322	 -0.0617	  1.0000
  0.0220	  0.0073	 -0.0280	 -0.0755	  1.0000
  0.0224	  0.0073	 -0.0281	 -0.0925	  1.0000
  0.0228	  0.0073	 -0.0286	 -0.1088	  0.0000
  0.0232	  0.0073	 -0.0387	 -0.1351	  0.0000
  0.0236	  0.0073	 -0.0361	 -0.1408	  1.0000
  0.0240	  0.0073	 -0.0337	 -0.1464	  1.0000
  0.0244	  0.0073	 -0.0330	 -0.1488	  1.0000
  0.0004	  0.0078	  0.0346	 -0.1636	  1.0000
  0.0008	  0.0078	  0.0404	 -0.1644	  0.0000
  0.0012	  0.0078	  0.0198	 -0.1198	  0.0000
  0.0016	  0.0078	  0.0263	 -0.0940	  0.0000
  0.0020	  0.0078	  0.0163	 -0.0821	  0.0000
  0.0024	  0.0078	  0.0051	 -0.0861	  0.0000
  0.0028	  0.0078	  0.0107	 -0.0741	  0.0000
  0.0032	  0.0078	  0.0145	 -0.0508	  0.0000
  0.0036	  0.0078	  0.0118	 -0.0336	  0.0000
  0.0040	  0.0078	  0.0132	 -0.0275	  0.0000
  0.0044	  0.0078	  0.0208	 -0.0224	  0.0000
  0.0048	  0.0078	  0.0167	 -0.0188	  0.0000
  0.0052	  0.0078	 -0.0003	 -0.0216	  0.0000
  0.0056	  0.0078	  0.0014	 -0.0145	  0.0000
  0.0060	  0.0078	 -0.0068	 -0.0128	  0.0000
  0.0064	  0.0078	 -0.0171	 -0.0295	  0.0000
  0.0068	  0.0078	 -0.0343	 -0.0660	  0.0000
  0.0072	  0.0078	 -0.0460	 -0.0688	  0.0000
  0.0076	  0.0078	 -0.0437	 -0.0759	  0.0000
  0.0080	  0.0078	 -0.0369	 -0.0938	  0.0000
  0.0084	  0.0078	 -0.0369	 -0.1051	  0.0000
  0.0088	  0.0078	 -0.0315	 -0.1342	  1.0000
  0.0092	  0.0078	 -0.0329	 -0.1556	  1.0000
  0.0096	  0.0078	 -0.0342	 -0.1724	  0.0000
  0.0100	  0.0078	 -0.0424	 -0.1723	  0.0000
  0.0104	  0.0078	 -0.0510	 -0.2336	  0.0000
  0.0108	  0.0078	 -0.0188	 -0.2239	  0.0000
  0.0112	  0.0078	 -0.0001	 -0.2355	  0.0000
  0.0116	  0.0078	 -0.0107	 -0.2404	  1.0000
  0.0120	  0.0078	 -0.0136	 -0.2436	  1.0000
  0.0124	  0.0078	 -0.0137	 -0.2471	  0.0000
  0.0128	  0.0078	 -0.0110	 -0.2517	  1.0000
  0.0132	  0.0078	 -0.0056	 -0.2562	  1.0000
  0.0136	  0.0078	  0.0002	 -0.2589	  1.0000
  0.0140	  0.0078	  0.0054	 -0.2562	  0.0000
  0.0144	  0.0078	  0.0184	 -0.2173	  1.0000
  0.0148	  0.0078	  0.0252	 -0.1840	  1.0000
  0.0152	  0.0078	  0.0288	 -0.1571	  1.0000
  0.0156	  0.0078	  0.0299	 -0.1369	  1.0000
  0.0160	  0.0078	  0.0418	 -0.1069	  0.0000
  0.0164	  0.0078	  0.0310	 -0.0876	  0.0000
  0.0168	  0.0078	  0.0254	 -0.0752	  0.0000
  0.0172	  0.0078	  0.0164	 -0.0670	  0.0000
  0.0176	  0.0078	  0.0160	 -0.0525	  1.0000
  0.0180	  0.0078	  0.0184	 -0.0380	  1.0000
  0.0184	  0.0078	  0.0187	 -0.0271	  1.0000
  0.0188	  0.0078	  0.0155	 -0.0200	  1.0000
  0.0192	  0.0078	  0.0081	 -0.0174	  1.0000
  0.0196	  0.0078	  0.0006	 -0.0131	  0.0000
  0.0200	  0.0078	 -0.0081	 -0.0203	  0.0000
  0.0204	  0.0078	 -0.0104	 -0.0210	  0.0000
  0.0208	  0.0078	 -0.0290	 -0.0297	  0.0000
  0.0212	  0.0078	 -0.0306	 -0.0439	  1.0000
  0.0216	  0.0078	 -0.0345	 -0.0601	  1.0000
  0.0220	  0.0078	 -0.0339	 -0.0761	  1.0000
  0.0224	  0.0078	 -0.0363	 -0.0919	  1.0000
  0.0228	  0.0078	 -0.0472	 -0.1047	  0.0000
  0.0232	  0.0078	 -0.0581	 -0.1298	  0.0000
  0.0236	  0.0078	 -0.0446	 -0.1336	  1.0000
  0.0240	  0.0078	 -0.0418	 -0.1373	  1.0000
  0.0244	  0.0078	 -0.0408	 -0.1388	  1.0000
  0.0004	  0.0084	  0.0376	 -0.1593	  1.0000
  0.0008	  0.0084	  0.0377	 -0.1501	  0.0000
  0.0012	  0.0084	  0.0386	 -0.1050	  0.0000
  0.0016	  0.0084	  0.0395	 -0.0908	  0.0000
  0.0020	  0.0084	  0.0430	 -0.0778	  0.0000
  0.0024	  0.0084	  0.0329	 -0.0630	  0.0000
  0.0028	  0.0084	  0.0293	 -0.0579	  0.0000
  0.0032	  0.0084	  0.0286	 -0.0470	  0.0000
  0.0036	  0.0084	  0.0213	 -0.0412	  0.0000
  0.0040	  0.0084	  0.0149	 -0.0304	  0.0000
  0.0044	  0.0084	  0.0120	 -0.0260	  0.0000
  0.0048	  0.0084	  0.0036	 -0.0208	  0.0000
  0.0052	  0.0084	  0.0091	 -0.0203	  0.0000
  0.0056	  0.0084	 -0.0077	 -0.0294	  0.0000
  0.0060	  0.0084	 -0.0194	 -0.0275	  0.0000
  0.0064	  0.0084	 -0.0237	 -0.0396	  1.0000
  0.0068	  0.0084	 -0.0411	 -0.0620	  0.0000
  0.0072	  0.0084	 -0.0413	 -0.0706	  1.0000
  0.0076	  0.0084	 -0.0415	 -0.0805	  1.0000
  0.0080	  0.0084	 -0.0394	 -0.0934	  1.0000
  0.0084	  0.0084	 -0.0377	 -0.1120	  1.0000
  0.0088	  0.0084	 -0.0438	 -0.1337	  0.0000
  0.0092	  0.0084	 -0.0378	 -0.1513	  1.0000
  0.0096	  0.0084	 -0.0465	 -0.1609	  0.0000
  0.0100	  0.0084	 -0.0531	 -0.1621	  0.0000
  0.0104	  0.0084	 -0.0375	 -0.2030	  1.0000
  0.0108	  0.0084	 -0.0222	 -0.2232	  1.0000
  0.0112	  0.0084	 -0.0037	 -0.2197	  0.0000
  0.0116	  0.0084	 -0.0085	 -0.2352	  1.0000
  0.0120	  0.0084	 -0.0137	 -0.2406	  1.0000
  0.0124	  0.0084	 -0.0209	 -0.2417	  0.0000
  0.0128	  0.0084	 -0.0118	 -0.2495	  1.0000
  0.0132	  0.0084	 -0.0058	 -0.2536	  1.0000
  0.0136	  0.0084	  0.0007	 -0.2528	  1.0000
  0.0140	  0.0084	  0.0096	 -0.2383	  1.0000
  0.0144	  0.0084	  0.0227	 -0.2051	  1.0000
  0.0148	  0.0084	  0.0539	 -0.1293	  0.0000
  0.0152	  0.0084	  0.0352	 -0.1469	  1.0000
  0.0156	  0.0084	  0.0358	 -0.1301	  1.0000
  0.0160	  0.0084	  0.0415	 -0.1053	  0.0000
  0.0164	  0.0084	  0.0399	 -0.0815	  0.0000
  0.0168	  0.0084	  0.0267	 -0.0752	  1.0000
  0.0172	  0.0084	  0.0209	 -0.0644	  1.0000
  0.0176	  0.0084	  0.0192	 -0.0519	  1.0000
  0.0180	  0.0084	  0.0235	 -0.0381	  1.0000
  0.0184	  0.0084	  0.0442	 -0.0212	  0.0000
  0.0188	  0.0084	  0.0192	 -0.0205	  1.0000
  0.0192	  0.0084	  0.0090	 -0.0176	  1.0000
  0.0196	  0.0084	  0.0008	 -0.0173	  1.0000
  0.0200	  0.0084	 -0.0061	 -0.0185	  1.0000
  0.0204	  0.0084	 -0.0132	 -0.0210	  1.0000
  0.0208	  0.0084	 -0.0123	 -0.0156	  0.0000
  0.0212	  0.0084	 -0.0280	 -0.0413	  1.0000
  0.0216	  0.0084	 -0.0329	 -0.0591	  1.0000
  0.0220	  0.0084	 -0.0360	 -0.0758	  1.0000
  0.0224	  0.0084	 -0.0403	 -0.0916	  1.0000
  0.0228	  0.0084	 -0.0466	 -0.1081	  1.0000
  0.0232	  0.0084	 -0.0495	 -0.1211	  1.0000
  0.0236	  0.0084	 -0.0487	 -0.1303	  1.0000
  0.0240	  0.0084	 -0.0453	 -0.1336	  1.0000
  0.0244	  0.0084	 -0.0442	 -0.1347	  1.0000
