  0.0004	  0.0006	 -0.0687	 -0.2538	  1.0000
  0.0008	  0.0006	 -0.0672	 -0.2484	  1.0000
  0.0012	  0.0006	 -0.0642	 -0.2385	  1.0000
  0.0016	  0.0006	 -0.0615	 -0.2315	  1.0000
  0.0020	  0.0006	 -0.0588	 -0.2275	  1.0000
  0.0024	  0.0006	 -0.0554	 -0.2253	  1.0000
  0.0028	  0.0006	 -0.0507	 -0.2231	  1.0000
  0.0032	  0.0006	 -0.0436	 -0.2215	  1.0000
  0.0036	  0.0006	 -0.0342	 -0.2220	  1.0000
  0.0040	  0.0006	 -0.0230	 -0.2269	  1.0000
  0.0044	  0.0006	 -0.0129	 -0.2351	  1.0000
  0.0048	  0.0006	 -0.0053	 -0.2443	  1.0000
  0.0052	  0.0006	 -0.0005	 -0.2515	  1.0000
  0.0056	  0.0006	  0.0032	 -0.2556	  1.0000
  0.0060	  0.0006	  0.0086	 -0.2566	  1.0000
  0.0064	  0.0006	  0.0178	 -0.2559	  1.0000
  0.0068	  0.0006	  0.0317	 -0.2550	  1.0000
  0.0072	  0.0006	  0.0472	 -0.2554	  1.0000
  0.0076	  0.0006	  0.0607	 -0.2572	  1.0000
  0.0080	  0.0006	  0.0684	 -0.2601	  1.0000
  0.0084	  0.0006	  0.0716	 -0.2634	  1.0000
  0.0088	  0.0006	  0.0721	 -0.2666	  1.0000
  0.0092	  0.0006	  0.0715	 -0.2699	  1.0000
  0.0096	  0.0006	  0.0698	 -0.2736	  1.0000
  0.0100	  0.0006	  0.0670	 -0.2775	  1.0000
  0.0104	  0.0006	  0.0644	 -0.2799	  1.0000
  0.0108	  0.0006	  0.0618	 -0.2807	  1.0000
  0.0112	  0.0006	  0.0597	 -0.2800	  1.0000
  0.0116	  0.0006	  0.0539	 -0.2789	  1.0000
  0.0120	  0.0006	  0.0502	 -0.2782	  1.0000
  0.0124	  0.0006	 -0.0244	 -0.2856	  1.0000
  0.0128	  0.0006	 -0.0646	 -0.2729	  1.0000
  0.0132	  0.0006	 -0.0599	 -0.2670	  1.0000
  0.0136	  0.0006	 -0.0524	 -0.2575	  1.0000
  0.0140	  0.0006	 -0.0512	 -0.2530	  1.0000
  0.0144	  0.0006	 -0.0533	 -0.2456	  1.0000
  0.0148	  0.0006	 -0.0586	 -0.2369	  1.0000
  0.0152	  0.0006	 -0.0649	 -0.2275	  1.0000
  0.0156	  0.0006	 -0.0691	 -0.2209	  1.0000
  0.0160	  0.0006	 -0.0711	 -0.2167	  1.0000
  0.0164	  0.0006	 -0.0711	 -0.2137	  1.0000
  0.0168	  0.0006	 -0.0691	 -0.2116	  1.0000
  0.0172	  0.0006	 -0.0648	 -0.2106	  1.0000
  0.0176	  0.0006	 -0.0581	 -0.2117	  1.0000
  0.0180	  0.0006	 -0.0509	 -0.2147	  1.0000
  0.0184	  0.0006	 -0.0447	 -0.2188	  1.0000
  0.0188	  0.0006	 -0.0402	 -0.2221	  1.0000
  0.0192	  0.0006	 -0.0361	 -0.2233	  1.0000
  0.0196	  0.0006	 -0.0299	 -0.2210	  1.0000
  0.0200	  0.0006	 -0.0198	 -0.2151	  1.0000
  0.0204	  0.0006	 -0.0051	 -0.2065	  1.0000
  0.0208	  0.0006	  0.0102	 -0.1984	  1.0000
  0.0212	  0.0006	  0.0224	 -0.1931	  1.0000
  0.0216	  0.0006	  0.0279	 -0.1924	  1.0000
  0.0220	  0.0006	  0.0291	 -0.1942	  1.0000
  0.0224	  0.0006	  0.0283	 -0.1978	  1.0000
  0.0228	  0.0006	  0.0281	 -0.2028	  1.0000
  0.0232	  0.0006	  0.0285	 -0.2101	  1.0000
  0.0236	  0.0006	  0.0298	 -0.2197	  1.0000
  0.0240	  0.0006	  0.0311	 -0.2274	  1.0000
  0.0244	  0.0006	  0.0320	 -0.2315	  1.0000
  0.0004	  0.0011	 -0.0691	 -0.2547	  1.0000
  0.0008	  0.0011	 -0.0678	 -0.2497	  1.0000
  0.0012	  0.0011	 -0.0652	 -0.2402	  1.0000
  0.0016	  0.0011	 -0.0626	 -0.2326	  1.0000
  0.0020	  0.0011	 -0.0596	 -0.2277	  1.0000
  0.0024	  0.0011	 -0.0560	 -0.2251	  1.0000
  0.0028	  0.0011	 -0.0511	 -0.2229	  1.0000
  0.0032	  0.0011	 -0.0439	 -0.2211	  1.0000
  0.0036	  0.0011	 -0.0346	 -0.2208	  1.0000
  0.0040	  0.0011	 -0.0238	 -0.2243	  1.0000
  0.0044	  0.0011	 -0.0138	 -0.2313	  1.0000
  0.0048	  0.0011	 -0.0060	 -0.2404	  1.0000
  0.0052	  0.0011	 -0.0008	 -0.2481	  1.0000
  0.0056	  0.0011	  0.0035	 -0.2525	  1.0000
  0.0060	  0.0011	  0.0097	 -0.2528	  1.0000
  0.0064	  0.0011	  0.0196	 -0.2514	  1.0000
  0.0068	  0.0011	  0.0336	 -0.2505	  1.0000
  0.0072	  0.0011	  0.0486	 -0.2519	  1.0000
  0.0076	  0.0011	  0.0611	 -0.2551	  1.0000
  0.0080	  0.0011	  0.0682	 -0.2591	  1.0000
  0.0084	  0.0011	  0.0710	 -0.2631	  1.0000
  0.0088	  0.0011	  0.0713	 -0.2669	  1.0000
  0.0092	  0.0011	  0.0703	 -0.2707	  1.0000
  0.0096	  0.0011	  0.0685	 -0.2746	  1.0000
  0.0100	  0.0011	  0.0657	 -0.2781	  1.0000
  0.0104	  0.0011	  0.0630	 -0.2799	  1.0000
  0.0108	  0.0011	  0.0598	 -0.2803	  1.0000
  0.0112	  0.0011	  0.0570	 -0.2795	  1.0000
  0.0116	  0.0011	  0.0503	 -0.2782	  1.0000
  0.0120	  0.0011	  0.0467	 -0.2774	  1.0000
  0.0124	  0.0011	 -0.0242	 -0.2853	  1.0000
  0.0128	  0.0011	 -0.0694	 -0.2782	  1.0000
  0.0132	  0.0011	 -0.0646	 -0.2724	  1.0000
  0.0136	  0.0011	 -0.0561	 -0.2616	  1.0000
  0.0140	  0.0011	 -0.0537	 -0.2559	  1.0000
  0.0144	  0.0011	 -0.0543	 -0.2479	  1.0000
  0.0148	  0.0011	 -0.0585	 -0.2393	  1.0000
  0.0152	  0.0011	 -0.0641	 -0.2299	  1.0000
  0.0156	  0.0011	 -0.0686	 -0.2227	  1.0000
  0.0160	  0.0011	 -0.0710	 -0.2176	  1.0000
  0.0164	  0.0011	 -0.0713	 -0.2139	  1.0000
  0.0168	  0.0011	 -0.0693	 -0.2111	  1.0000
  0.0172	  0.0011	 -0.0650	 -0.2092	  1.0000
  0.0176	  0.0011	 -0.0586	 -0.2092	  1.0000
  0.0180	  0.0011	 -0.0516	 -0.2114	  1.0000
  0.0184	  0.0011	 -0.0454	 -0.2154	  1.0000
  0.0188	  0.0011	 -0.0405	 -0.2190	  1.0000
  0.0192	  0.0011	 -0.0356	 -0.2203	  1.0000
  0.0196	  0.0011	 -0.0285	 -0.2169	  1.0000
  0.0200	  0.0011	 -0.0176	 -0.2101	  1.0000
  0.0204	  0.0011	 -0.0028	 -0.2014	  1.0000
  0.0208	  0.0011	  0.0119	 -0.1945	  1.0000
  0.0212	  0.0011	  0.0232	 -0.1908	  1.0000
  0.0216	  0.0011	  0.0283	 -0.1910	  1.0000
  0.0220	  0.0011	  0.0295	 -0.1933	  1.0000
  0.0224	  0.0011	  0.0289	 -0.1972	  1.0000
  0.0228	  0.0011	  0.0287	 -0.2029	  1.0000
  0.0232	  0.0011	  0.0290	 -0.2110	  1.0000
  0.0236	  0.0011	  0.0301	 -0.2205	  1.0000
  0.0240	  0.0011	  0.0313	 -0.2278	  1.0000
  0.0244	  0.0011	  0.0320	 -0.2314	  1.0000
  0.0004	  0.0017	 -0.0696	 -0.2561	  1.0000
  0.0008	  0.0017	 -0.0687	 -0.2515	  1.0000
  0.0012	  0.0017	 -0.0667	 -0.2425	  1.0000
  0.0016	  0.0017	 -0.0643	 -0.2338	  1.0000
  0.0020	  0.0017	 -0.0613	 -0.2277	  1.0000
  0.0024	  0.0017	 -0.0574	 -0.2247	  1.0000
  0.0028	  0.0017	 -0.0521	 -0.2227	  1.0000
  0.0032	  0.0017	 -0.0447	 -0.2206	  1.0000
  0.0036	  0.0017	 -0.0356	 -0.2185	  1.0000
  0.0040	  0.0017	 -0.0252	 -0.2190	  1.0000
  0.0044	  0.0017	 -0.0153	 -0.2232	  1.0000
  0.0048	  0.0017	 -0.0072	 -0.2313	  1.0000
  0.0052	  0.0017	 -0.0014	 -0.2426	  1.0000
  0.0056	  0.0017	  0.0042	 -0.2468	  1.0000
  0.0060	  0.0017	  0.0118	 -0.2458	  1.0000
  0.0064	  0.0017	  0.0230	 -0.2398	  1.0000
  0.0068	  0.0017	  0.0371	 -0.2399	  1.0000
  0.0072	  0.0017	  0.0510	 -0.2443	  1.0000
  0.0076	  0.0017	  0.0620	 -0.2509	  1.0000
  0.0080	  0.0017	  0.0680	 -0.2574	  1.0000
  0.0084	  0.0017	  0.0700	 -0.2626	  1.0000
  0.0088	  0.0017	  0.0697	 -0.2673	  1.0000
  0.0092	  0.0017	  0.0683	 -0.2719	  1.0000
  0.0096	  0.0017	  0.0661	 -0.2759	  1.0000
  0.0100	  0.0017	  0.0629	 -0.2787	  1.0000
  0.0104	  0.0017	  0.0594	 -0.2796	  1.0000
  0.0108	  0.0017	  0.0548	 -0.2791	  1.0000
  0.0112	  0.0017	  0.0505	 -0.2781	  1.0000
  0.0116	  0.0017	  0.0422	 -0.2773	  1.0000
  0.0120	  0.0017	  0.0296	 -0.2794	  1.0000
  0.0124	  0.0017	 -0.0220	 -0.2869	  1.0000
  0.0128	  0.0017	 -0.0634	 -0.2879	  1.0000
  0.0132	  0.0017	 -0.0680	 -0.2824	  1.0000
  0.0136	  0.0017	 -0.0623	 -0.2716	  1.0000
  0.0140	  0.0017	 -0.0591	 -0.2634	  1.0000
  0.0144	  0.0017	 -0.0572	 -0.2536	  1.0000
  0.0148	  0.0017	 -0.0593	 -0.2441	  1.0000
  0.0152	  0.0017	 -0.0636	 -0.2340	  1.0000
  0.0156	  0.0017	 -0.0682	 -0.2255	  1.0000
  0.0160	  0.0017	 -0.0713	 -0.2190	  1.0000
  0.0164	  0.0017	 -0.0719	 -0.2143	  1.0000
  0.0168	  0.0017	 -0.0697	 -0.2104	  1.0000
  0.0172	  0.0017	 -0.0653	 -0.2065	  1.0000
  0.0176	  0.0017	 -0.0590	 -0.2038	  1.0000
  0.0180	  0.0017	 -0.0526	 -0.2038	  1.0000
  0.0184	  0.0017	 -0.0466	 -0.2070	  1.0000
  0.0188	  0.0017	 -0.0414	 -0.2139	  1.0000
  0.0192	  0.0017	 -0.0349	 -0.2144	  1.0000
  0.0196	  0.0017	 -0.0257	 -0.2092	  1.0000
  0.0200	  0.0017	 -0.0132	 -0.1978	  1.0000
  0.0204	  0.0017	  0.0015	 -0.1900	  1.0000
  0.0208	  0.0017	  0.0150	 -0.1864	  1.0000
  0.0212	  0.0017	  0.0248	 -0.1863	  1.0000
  0.0216	  0.0017	  0.0291	 -0.1886	  1.0000
  0.0220	  0.0017	  0.0303	 -0.1912	  1.0000
  0.0224	  0.0017	  0.0301	 -0.1952	  1.0000
  0.0228	  0.0017	  0.0300	 -0.2018	  1.0000
  0.0232	  0.0017	  0.0301	 -0.2111	  1.0000
  0.0236	  0.0017	  0.0308	 -0.2209	  1.0000
  0.0240	  0.0017	  0.0316	 -0.2280	  1.0000
  0.0244	  0.0017	  0.0322	 -0.2311	  1.0000
  0.0004	  0.0022	 -0.0699	 -0.2575	  0.0000
  0.0008	  0.0022	 -0.0694	 -0.2533	  1.0000
  0.0012	  0.0022	 -0.0681	 -0.2442	  1.0000
  0.0016	  0.0022	 -0.0662	 -0.2340	  1.0000
  0.0020	  0.0022	 -0.0636	 -0.2261	  1.0000
  0.0024	  0.0022	 -0.0599	 -0.2232	  1.0000
  0.0028	  0.0022	 -0.0541	 -0.2232	  1.0000
  0.0032	  0.0022	 -0.0460	 -0.2217	  1.0000
  0.0036	  0.0022	 -0.0364	 -0.2168	  1.0000
  0.0040	  0.0022	 -0.0262	 -0.2120	  1.0000
  0.0044	  0.0022	 -0.0162	 -0.2126	  1.0000
  0.0048	  0.0022	 -0.0077	 -0.2189	  1.0000
  0.0052	  0.0022	 -0.0009	 -0.2290	  1.0000
  0.0056	  0.0022	  0.0019	 -0.2654	  0.0000
  0.0060	  0.0022	  0.0142	 -0.2278	  1.0000
  0.0064	  0.0022	  0.0259	 -0.2214	  1.0000
  0.0068	  0.0022	  0.0395	 -0.2230	  1.0000
  0.0072	  0.0022	  0.0527	 -0.2336	  1.0000
  0.0076	  0.0022	  0.0632	 -0.2468	  1.0000
  0.0080	  0.0022	  0.0681	 -0.2566	  0.0000
  0.0084	  0.0022	  0.0692	 -0.2622	  1.0000
  0.0088	  0.0022	  0.0677	 -0.2667	  1.0000
  0.0092	  0.0022	  0.0662	 -0.2732	  1.0000
  0.0096	  0.0022	  0.0637	 -0.2773	  1.0000
  0.0100	  0.0022	  0.0599	 -0.2789	  1.0000
  0.0104	  0.0022	  0.0557	 -0.2787	  1.0000
  0.0108	  0.0022	  0.0507	 -0.2778	  1.0000
  0.0112	  0.0022	  0.0464	 -0.2767	  1.0000
  0.0116	  0.0022	  0.0370	 -0.2770	  1.0000
  0.0120	  0.0022	  0.0186	 -0.2814	  1.0000
  0.0124	  0.0022	 -0.0195	 -0.2882	  1.0000
  0.0128	  0.0022	 -0.0510	 -0.2905	  1.0000
  0.0132	  0.0022	 -0.0614	 -0.2861	  1.0000
  0.0136	  0.0022	 -0.0618	 -0.2778	  1.0000
  0.0140	  0.0022	 -0.0611	 -0.2695	  1.0000
  0.0144	  0.0022	 -0.0591	 -0.2595	  1.0000
  0.0148	  0.0022	 -0.0598	 -0.2492	  1.0000
  0.0152	  0.0022	 -0.0632	 -0.2381	  1.0000
  0.0156	  0.0022	 -0.0685	 -0.2279	  1.0000
  0.0160	  0.0022	 -0.0727	 -0.2197	  1.0000
  0.0164	  0.0022	 -0.0736	 -0.2148	  1.0000
  0.0168	  0.0022	 -0.0709	 -0.2103	  1.0000
  0.0172	  0.0022	 -0.0650	 -0.2038	  1.0000
  0.0176	  0.0022	 -0.0583	 -0.1965	  1.0000
  0.0180	  0.0022	 -0.0519	 -0.1921	  1.0000
  0.0184	  0.0022	 -0.0481	 -0.1950	  1.0000
  0.0188	  0.0022	 -0.0422	 -0.2003	  1.0000
  0.0192	  0.0022	 -0.0369	 -0.2302	  0.0000
  0.0196	  0.0022	 -0.0216	 -0.1906	  1.0000
  0.0200	  0.0022	 -0.0087	 -0.1789	  1.0000
  0.0204	  0.0022	  0.0051	 -0.1735	  1.0000
  0.0208	  0.0022	  0.0183	 -0.1756	  1.0000
  0.0212	  0.0022	  0.0262	 -0.1825	  1.0000
  0.0216	  0.0022	  0.0304	 -0.1872	  1.0000
  0.0220	  0.0022	  0.0311	 -0.1890	  1.0000
  0.0224	  0.0022	  0.0319	 -0.1906	  1.0000
  0.0228	  0.0022	  0.0315	 -0.1984	  1.0000
  0.0232	  0.0022	  0.0310	 -0.2095	  1.0000
  0.0236	  0.0022	  0.0312	 -0.2205	  1.0000
  0.0240	  0.0022	  0.0320	 -0.2282	  1.0000
  0.0244	  0.0022	  0.0326	 -0.2313	  1.0000
  0.0004	  0.0028	 -0.0700	 -0.2600	  1.0000
  0.0008	  0.0028	 -0.0696	 -0.2556	  1.0000
  0.0012	  0.0028	 -0.0686	 -0.2459	  1.0000
  0.0016	  0.0028	 -0.0678	 -0.2319	  1.0000
  0.0020	  0.0028	 -0.0661	 -0.2208	  1.0000
  0.0024	  0.0028	 -0.0633	 -0.2166	  1.0000
  0.0028	  0.0028	 -0.0592	 -0.2260	  0.0000
  0.0032	  0.0028	 -0.0482	 -0.2309	  0.0000
  0.0036	  0.0028	 -0.0354	 -0.2165	  0.0000
  0.0040	  0.0028	 -0.0275	 -0.2006	  0.0000
  0.0044	  0.0028	 -0.0169	 -0.1960	  1.0000
  0.0048	  0.0028	 -0.0042	 -0.2057	  0.0000
  0.0052	  0.0028	 -0.0012	 -0.2125	  0.0000
  0.0056	  0.0028	  0.0081	 -0.2066	  0.0000
  0.0060	  0.0028	  0.0152	 -0.1997	  1.0000
  0.0064	  0.0028	  0.0273	 -0.1962	  1.0000
  0.0068	  0.0028	  0.0409	 -0.2015	  1.0000
  0.0072	  0.0028	  0.0526	 -0.2118	  1.0000
  0.0076	  0.0028	  0.0658	 -0.2529	  0.0000
  0.0080	  0.0028	  0.0753	 -0.2677	  0.0000
  0.0084	  0.0028	  0.0654	 -0.2514	  1.0000
  0.0088	  0.0028	  0.0659	 -0.2670	  1.0000
  0.0092	  0.0028	  0.0653	 -0.2760	  1.0000
  0.0096	  0.0028	  0.0622	 -0.2794	  0.0000
  0.0100	  0.0028	  0.0566	 -0.2782	  1.0000
  0.0104	  0.0028	  0.0506	 -0.2771	  1.0000
  0.0108	  0.0028	  0.0454	 -0.2764	  1.0000
  0.0112	  0.0028	  0.0408	 -0.2760	  1.0000
  0.0116	  0.0028	  0.0295	 -0.2782	  1.0000
  0.0120	  0.0028	  0.0083	 -0.2843	  1.0000
  0.0124	  0.0028	 -0.0174	 -0.2901	  1.0000
  0.0128	  0.0028	 -0.0383	 -0.2923	  1.0000
  0.0132	  0.0028	 -0.0503	 -0.2893	  1.0000
  0.0136	  0.0028	 -0.0568	 -0.2835	  1.0000
  0.0140	  0.0028	 -0.0604	 -0.2763	  1.0000
  0.0144	  0.0028	 -0.0603	 -0.2664	  0.0000
  0.0148	  0.0028	 -0.0590	 -0.2554	  0.0000
  0.0152	  0.0028	 -0.0619	 -0.2411	  1.0000
  0.0156	  0.0028	 -0.0693	 -0.2287	  1.0000
  0.0160	  0.0028	 -0.0774	 -0.2184	  1.0000
  0.0164	  0.0028	 -0.0780	 -0.2115	  1.0000
  0.0168	  0.0028	 -0.0726	 -0.2156	  0.0000
  0.0172	  0.0028	 -0.0673	 -0.2065	  0.0000
  0.0176	  0.0028	 -0.0531	 -0.1833	  1.0000
  0.0180	  0.0028	 -0.0491	 -0.1761	  1.0000
  0.0184	  0.0028	 -0.0462	 -0.1749	  1.0000
  0.0188	  0.0028	 -0.0542	 -0.1921	  0.0000
  0.0192	  0.0028	 -0.0283	 -0.1721	  1.0000
  0.0196	  0.0028	 -0.0161	 -0.1633	  1.0000
  0.0200	  0.0028	 -0.0048	 -0.1539	  1.0000
  0.0204	  0.0028	  0.0070	 -0.1520	  1.0000
  0.0208	  0.0028	  0.0192	 -0.1591	  1.0000
  0.0212	  0.0028	  0.0365	 -0.1822	  0.0000
  0.0216	  0.0028	  0.0256	 -0.2003	  0.0000
  0.0220	  0.0028	  0.0340	 -0.1802	  1.0000
  0.0224	  0.0028	  0.0345	 -0.1821	  1.0000
  0.0228	  0.0028	  0.0328	 -0.1910	  1.0000
  0.0232	  0.0028	  0.0309	 -0.2058	  1.0000
  0.0236	  0.0028	  0.0310	 -0.2201	  1.0000
  0.0240	  0.0028	  0.0321	 -0.2295	  1.0000
  0.0244	  0.0028	  0.0338	 -0.2326	  1.0000
  0.0004	  0.0034	 -0.0686	 -0.2521	  1.0000
  0.0008	  0.0034	 -0.0717	 -0.2751	  0.0000
  0.0012	  0.0034	 -0.0691	 -0.2501	  0.0000
  0.0016	  0.0034	 -0.0652	 -0.2207	  0.0000
  0.0020	  0.0034	 -0.0742	 -0.2144	  0.0000
  0.0024	  0.0034	 -0.0679	 -0.2022	  0.0000
  0.0028	  0.0034	 -0.0608	 -0.1985	  0.0000
  0.0032	  0.0034	 -0.0439	 -0.1886	  0.0000
  0.0036	  0.0034	 -0.0290	 -0.1752	  0.0000
  0.0040	  0.0034	 -0.0287	 -0.1762	  0.0000
  0.0044	  0.0034	 -0.0191	 -0.1710	  0.0000
  0.0048	  0.0034	 -0.0057	 -0.1749	  0.0000
  0.0052	  0.0034	 -0.0072	 -0.1752	  0.0000
  0.0056	  0.0034	  0.0057	 -0.1615	  0.0000
  0.0060	  0.0034	  0.0129	 -0.1573	  0.0000
  0.0064	  0.0034	  0.0269	 -0.1645	  1.0000
  0.0068	  0.0034	  0.0423	 -0.1793	  0.0000
  0.0072	  0.0034	  0.0559	 -0.1875	  0.0000
  0.0076	  0.0034	  0.0546	 -0.1728	  0.0000
  0.0080	  0.0034	  0.0519	 -0.1780	  0.0000
  0.0084	  0.0034	  0.0614	 -0.2442	  0.0000
  0.0088	  0.0034	  0.0623	 -0.2684	  0.0000
  0.0092	  0.0034	  0.0688	 -0.2930	  0.0000
  0.0096	  0.0034	  0.0646	 -0.2805	  0.0000
  0.0100	  0.0034	  0.0507	 -0.2749	  1.0000
  0.0104	  0.0034	  0.0441	 -0.2757	  0.0000
  0.0108	  0.0034	  0.0398	 -0.2756	  1.0000
  0.0112	  0.0034	  0.0343	 -0.2769	  1.0000
  0.0116	  0.0034	  0.0224	 -0.2803	  1.0000
  0.0120	  0.0034	  0.0035	 -0.2865	  1.0000
  0.0124	  0.0034	 -0.0164	 -0.2913	  0.0000
  0.0128	  0.0034	 -0.0311	 -0.2930	  1.0000
  0.0132	  0.0034	 -0.0406	 -0.2907	  0.0000
  0.0136	  0.0034	 -0.0486	 -0.2866	  0.0000
  0.0140	  0.0034	 -0.0555	 -0.2811	  0.0000
  0.0144	  0.0034	 -0.0614	 -0.2754	  0.0000
  0.0148	  0.0034	 -0.0598	 -0.2609	  0.0000
  0.0152	  0.0034	 -0.0447	 -0.2507	  0.0000
  0.0156	  0.0034	 -0.0724	 -0.2188	  0.0000
  0.0160	  0.0034	 -0.0926	 -0.2159	  0.0000
  0.0164	  0.0034	 -0.0906	 -0.2112	  0.0000
  0.0168	  0.0034	 -0.0717	 -0.1867	  0.0000
  0.0172	  0.0034	 -0.0501	 -0.1769	  0.0000
  0.0176	  0.0034	 -0.0391	 -0.1648	  0.0000
  0.0180	  0.0034	 -0.0421	 -0.1527	  0.0000
  0.0184	  0.0034	 -0.0522	 -0.1530	  0.0000
  0.0188	  0.0034	 -0.0285	 -0.1398	  0.0000
  0.0192	  0.0034	 -0.0158	 -0.1293	  0.0000
  0.0196	  0.0034	 -0.0092	 -0.1301	  1.0000
  0.0200	  0.0034	 -0.0017	 -0.1219	  0.0000
  0.0204	  0.0034	  0.0064	 -0.1232	  0.0000
  0.0208	  0.0034	  0.0174	 -0.1351	  0.0000
  0.0212	  0.0034	  0.0304	 -0.1537	  0.0000
  0.0216	  0.0034	  0.0388	 -0.1633	  0.0000
  0.0220	  0.0034	  0.0414	 -0.1665	  0.0000
  0.0224	  0.0034	  0.0365	 -0.1663	  1.0000
  0.0228	  0.0034	  0.0358	 -0.1794	  1.0000
  0.0232	  0.0034	  0.0297	 -0.1988	  1.0000
  0.0236	  0.0034	  0.0236	 -0.2275	  0.0000
  0.0240	  0.0034	  0.0379	 -0.2357	  0.0000
  0.0244	  0.0034	  0.0340	 -0.2342	  1.0000
  0.0004	  0.0039	 -0.0641	 -0.2399	  1.0000
  0.0008	  0.0039	 -0.0670	 -0.2270	  0.0000
  0.0012	  0.0039	 -0.0653	 -0.2242	  0.0000
  0.0016	  0.0039	 -0.0599	 -0.2018	  1.0000
  0.0020	  0.0039	 -0.0524	 -0.1807	  0.0000
  0.0024	  0.0039	 -0.0587	 -0.1547	  0.0000
  0.0028	  0.0039	 -0.0551	 -0.1495	  0.0000
  0.0032	  0.0039	 -0.0394	 -0.1520	  0.0000
  0.0036	  0.0039	 -0.0292	 -0.1407	  0.0000
  0.0040	  0.0039	 -0.0289	 -0.1273	  0.0000
  0.0044	  0.0039	 -0.0178	 -0.1171	  0.0000
  0.0048	  0.0039	  0.0025	 -0.1134	  0.0000
  0.0052	  0.0039	  0.0050	 -0.1027	  0.0000
  0.0056	  0.0039	  0.0018	 -0.1042	  0.0000
  0.0060	  0.0039	  0.0211	 -0.1142	  0.0000
  0.0064	  0.0039	  0.0230	 -0.1310	  0.0000
  0.0068	  0.0039	  0.0327	 -0.1401	  0.0000
  0.0072	  0.0039	  0.0473	 -0.1545	  0.0000
  0.0076	  0.0039	  0.0572	 -0.1655	  0.0000
  0.0080	  0.0039	  0.0530	 -0.1689	  0.0000
  0.0084	  0.0039	  0.0595	 -0.2067	  0.0000
  0.0088	  0.0039	  0.0569	 -0.2223	  0.0000
  0.0092	  0.0039	  0.0552	 -0.2463	  0.0000
  0.0096	  0.0039	  0.0519	 -0.2587	  1.0000
  0.0100	  0.0039	  0.0358	 -0.2759	  0.0000
  0.0104	  0.0039	  0.0377	 -0.2733	  1.0000
  0.0108	  0.0039	  0.0319	 -0.2765	  0.0000
  0.0112	  0.0039	  0.0248	 -0.2796	  0.0000
  0.0116	  0.0039	  0.0132	 -0.2838	  0.0000
  0.0120	  0.0039	 -0.0022	 -0.2892	  0.0000
  0.0124	  0.0039	 -0.0165	 -0.2924	  0.0000
  0.0128	  0.0039	 -0.0262	 -0.2933	  1.0000
  0.0132	  0.0039	 -0.0329	 -0.2917	  1.0000
  0.0136	  0.0039	 -0.0399	 -0.2888	  1.0000
  0.0140	  0.0039	 -0.0479	 -0.2846	  0.0000
  0.0144	  0.0039	 -0.0573	 -0.2803	  0.0000
  0.0148	  0.0039	 -0.0846	 -0.2952	  0.0000
  0.0152	  0.0039	 -0.0457	 -0.2213	  0.0000
  0.0156	  0.0039	 -0.0789	 -0.1954	  0.0000
  0.0160	  0.0039	 -0.0626	 -0.1784	  0.0000
  0.0164	  0.0039	 -0.0587	 -0.1687	  0.0000
  0.0168	  0.0039	 -0.0829	 -0.1596	  0.0000
  0.0172	  0.0039	 -0.0728	 -0.1434	  0.0000
  0.0176	  0.0039	 -0.0477	 -0.1225	  0.0000
  0.0180	  0.0039	 -0.0471	 -0.1164	  0.0000
  0.0184	  0.0039	 -0.0295	 -0.1128	  0.0000
  0.0188	  0.0039	 -0.0029	 -0.1095	  0.0000
  0.0192	  0.0039	  0.0009	 -0.1046	  0.0000
  0.0196	  0.0039	 -0.0064	 -0.0989	  1.0000
  0.0200	  0.0039	 -0.0000	 -0.0985	  1.0000
  0.0204	  0.0039	  0.0086	 -0.0999	  1.0000
  0.0208	  0.0039	  0.0269	 -0.0936	  0.0000
  0.0212	  0.0039	  0.0291	 -0.0901	  0.0000
  0.0216	  0.0039	  0.0184	 -0.1188	  0.0000
  0.0220	  0.0039	  0.0141	 -0.1264	  0.0000
  0.0224	  0.0039	  0.0484	 -0.1474	  0.0000
  0.0228	  0.0039	  0.0496	 -0.1607	  0.0000
  0.0232	  0.0039	  0.0226	 -0.1856	  1.0000
  0.0236	  0.0039	  0.0108	 -0.2201	  0.0000
  0.0240	  0.0039	  0.0338	 -0.2362	  0.0000
  0.0244	  0.0039	  0.0318	 -0.2350	  1.0000
  0.0004	  0.0045	 -0.0548	 -0.2248	  1.0000
  0.0008	  0.0045	 -0.0582	 -0.2199	  0.0000
  0.0012	  0.0045	 -0.0551	 -0.2031	  0.0000
  0.0016	  0.0045	 -0.0543	 -0.1777	  0.0000
  0.0020	  0.0045	 -0.0435	 -0.1436	  0.0000
  0.0024	  0.0045	 -0.0532	 -0.1353	  0.0000
  0.0028	  0.0045	 -0.0580	 -0.1280	  0.0000
  0.0032	  0.0045	 -0.0273	 -0.1099	  0.0000
  0.0036	  0.0045	 -0.0130	 -0.0918	  0.0000
  0.0040	  0.0045	 -0.0133	 -0.0767	  0.0000
  0.0044	  0.0045	 -0.0159	 -0.0910	  0.0000
  0.0048	  0.0045	  0.0011	 -0.0893	  0.0000
  0.0052	  0.0045	  0.0036	 -0.0764	  0.0000
  0.0056	  0.0045	  0.0020	 -0.0797	  0.0000
  0.0060	  0.0045	  0.0151	 -0.0880	  0.0000
  0.0064	  0.0045	  0.0250	 -0.0919	  0.0000
  0.0068	  0.0045	  0.0259	 -0.1013	  0.0000
  0.0072	  0.0045	  0.0384	 -0.1267	  0.0000
  0.0076	  0.0045	  0.0511	 -0.1500	  0.0000
  0.0080	  0.0045	  0.0472	 -0.1632	  0.0000
  0.0084	  0.0045	  0.0597	 -0.1895	  0.0000
  0.0088	  0.0045	  0.0500	 -0.2064	  0.0000
  0.0092	  0.0045	  0.0444	 -0.2178	  0.0000
  0.0096	  0.0045	  0.0506	 -0.2251	  0.0000
  0.0100	  0.0045	  0.0448	 -0.2556	  0.0000
  0.0104	  0.0045	  0.0285	 -0.2759	  1.0000
  0.0108	  0.0045	  0.0222	 -0.2789	  0.0000
  0.0112	  0.0045	  0.0143	 -0.2828	  0.0000
  0.0116	  0.0045	  0.0041	 -0.2866	  1.0000
  0.0120	  0.0045	 -0.0074	 -0.2905	  0.0000
  0.0124	  0.0045	 -0.0169	 -0.2923	  0.0000
  0.0128	  0.0045	 -0.0229	 -0.2926	  1.0000
  0.0132	  0.0045	 -0.0270	 -0.2917	  1.0000
  0.0136	  0.0045	 -0.0314	 -0.2904	  1.0000
  0.0140	  0.0045	 -0.0378	 -0.2870	  0.0000
  0.0144	  0.0045	 -0.0466	 -0.2808	  0.0000
  0.0148	  0.0045	 -0.0607	 -0.2740	  0.0000
  0.0152	  0.0045	 -0.0416	 -0.2189	  0.0000
  0.0156	  0.0045	 -0.0627	 -0.1958	  0.0000
  0.0160	  0.0045	 -0.0602	 -0.1701	  0.0000
  0.0164	  0.0045	 -0.0555	 -0.1594	  0.0000
  0.0168	  0.0045	 -0.0772	 -0.1462	  0.0000
  0.0172	  0.0045	 -0.0843	 -0.1373	  0.0000
  0.0176	  0.0045	 -0.0270	 -0.0913	  0.0000
  0.0180	  0.0045	 -0.0341	 -0.0857	  0.0000
  0.0184	  0.0045	 -0.0351	 -0.0806	  0.0000
  0.0188	  0.0045	 -0.0192	 -0.0735	  0.0000
  0.0192	  0.0045	 -0.0166	 -0.0675	  0.0000
  0.0196	  0.0045	 -0.0074	 -0.0650	  0.0000
  0.0200	  0.0045	 -0.0010	 -0.0749	  1.0000
  0.0204	  0.0045	  0.0105	 -0.0750	  0.0000
  0.0208	  0.0045	  0.0105	 -0.0775	  0.0000
  0.0212	  0.0045	  0.0198	 -0.0865	  0.0000
  0.0216	  0.0045	  0.0153	 -0.0992	  0.0000
  0.0220	  0.0045	  0.0059	 -0.1059	  0.0000
  0.0224	  0.0045	  0.0405	 -0.1347	  0.0000
  0.0228	  0.0045	  0.0258	 -0.1502	  1.0000
  0.0232	  0.0045	  0.0151	 -0.1684	  0.0000
  0.0236	  0.0045	 -0.0097	 -0.1802	  0.0000
  0.0240	  0.0045	  0.0352	 -0.2386	  0.0000
  0.0244	  0.0045	  0.0179	 -0.2301	  1.0000
  0.0004	  0.0050	 -0.0444	 -0.2175	  1.0000
  0.0008	  0.0050	 -0.0404	 -0.2198	  0.0000
  0.0012	  0.0050	 -0.0502	 -0.1999	  0.0000
  0.0016	  0.0050	 -0.0528	 -0.1564	  0.0000
  0.0020	  0.0050	 -0.0474	 -0.1326	  0.0000
  0.0024	  0.0050	 -0.0468	 -0.1253	  0.0000
  0.0028	  0.0050	 -0.0476	 -0.1116	  0.0000
  0.0032	  0.0050	 -0.0270	 -0.0810	  0.0000
  0.0036	  0.0050	 -0.0199	 -0.0691	  0.0000
  0.0040	  0.0050	 -0.0155	 -0.0563	  0.0000
  0.0044	  0.0050	 -0.0122	 -0.0481	  0.0000
  0.0048	  0.0050	 -0.0035	 -0.0522	  0.0000
  0.0052	  0.0050	 -0.0008	 -0.0581	  0.0000
  0.0056	  0.0050	  0.0108	 -0.0659	  0.0000
  0.0060	  0.0050	  0.0226	 -0.0662	  0.0000
  0.0064	  0.0050	  0.0242	 -0.0712	  0.0000
  0.0068	  0.0050	  0.0226	 -0.0846	  0.0000
  0.0072	  0.0050	  0.0246	 -0.1089	  0.0000
  0.0076	  0.0050	  0.0269	 -0.1275	  0.0000
  0.0080	  0.0050	  0.0344	 -0.1397	  0.0000
  0.0084	  0.0050	  0.0415	 -0.1633	  0.0000
  0.0088	  0.0050	  0.0350	 -0.1819	  0.0000
  0.0092	  0.0050	  0.0522	 -0.2088	  0.0000
  0.0096	  0.0050	  0.0315	 -0.2589	  0.0000
  0.0100	  0.0050	  0.0231	 -0.2874	  0.0000
  0.0104	  0.0050	  0.0182	 -0.2789	  1.0000
  0.0108	  0.0050	  0.0108	 -0.2823	  1.0000
  0.0112	  0.0050	  0.0032	 -0.2855	  0.0000
  0.0116	  0.0050	 -0.0047	 -0.2880	  0.0000
  0.0120	  0.0050	 -0.0119	 -0.2901	  1.0000
  0.0124	  0.0050	 -0.0169	 -0.2908	  0.0000
  0.0128	  0.0050	 -0.0195	 -0.2907	  0.0000
  0.0132	  0.0050	 -0.0213	 -0.2901	  0.0000
  0.0136	  0.0050	 -0.0237	 -0.2907	  0.0000
  0.0140	  0.0050	 -0.0241	 -0.2939	  0.0000
  0.0144	  0.0050	 -0.0313	 -0.2830	  0.0000
  0.0148	  0.0050	 -0.0277	 -0.2468	  0.0000
  0.0152	  0.0050	 -0.0332	 -0.2142	  0.0000
  0.0156	  0.0050	 -0.0159	 -0.1730	  0.0000
  0.0160	  0.0050	 -0.0544	 -0.1578	  0.0000
  0.0164	  0.0050	 -0.0660	 -0.1444	  0.0000
  0.0168	  0.0050	 -0.0693	 -0.1298	  0.0000
  0.0172	  0.0050	 -0.0264	 -0.0836	  0.0000
  0.0176	  0.0050	 -0.0395	 -0.0808	  0.0000
  0.0180	  0.0050	 -0.0245	 -0.0674	  0.0000
  0.0184	  0.0050	 -0.0248	 -0.0614	  0.0000
  0.0188	  0.0050	 -0.0311	 -0.0596	  0.0000
  0.0192	  0.0050	 -0.0156	 -0.0434	  0.0000
  0.0196	  0.0050	 -0.0120	 -0.0509	  0.0000
  0.0200	  0.0050	 -0.0076	 -0.0560	  0.0000
  0.0204	  0.0050	  0.0064	 -0.0558	  1.0000
  0.0208	  0.0050	 -0.0052	 -0.0528	  0.0000
  0.0212	  0.0050	  0.0070	 -0.0660	  0.0000
  0.0216	  0.0050	  0.0115	 -0.0874	  0.0000
  0.0220	  0.0050	  0.0103	 -0.0935	  0.0000
  0.0224	  0.0050	  0.0187	 -0.1086	  0.0000
  0.0228	  0.0050	  0.0066	 -0.1356	  0.0000
  0.0232	  0.0050	  0.0046	 -0.1610	  1.0000
  0.0236	  0.0050	  0.0010	 -0.1895	  1.0000
  0.0240	  0.0050	 -0.0122	 -0.2176	  0.0000
  0.0244	  0.0050	  0.0009	 -0.2230	  1.0000
  0.0004	  0.0056	 -0.0454	 -0.2237	  0.0000
  0.0008	  0.0056	 -0.0234	 -0.1992	  0.0000
  0.0012	  0.0056	 -0.0309	 -0.1745	  0.0000
  0.0016	  0.0056	 -0.0446	 -0.1395	  0.0000
  0.0020	  0.0056	 -0.0399	 -0.1211	  0.0000
  0.0024	  0.0056	 -0.0250	 -0.1000	  0.0000
  0.0028	  0.0056	 -0.0278	 -0.0804	  0.0000
  0.0032	  0.0056	 -0.0159	 -0.0709	  0.0000
  0.0036	  0.0056	 -0.0097	 -0.0601	  0.0000
  0.0040	  0.0056	 -0.0112	 -0.0447	  0.0000
  0.0044	  0.0056	 -0.0100	 -0.0297	  0.0000
  0.0048	  0.0056	 -0.0016	 -0.0293	  0.0000
  0.0052	  0.0056	 -0.0011	 -0.0360	  0.0000
  0.0056	  0.0056	  0.0146	 -0.0411	  0.0000
  0.0060	  0.0056	  0.0163	 -0.0462	  0.0000
  0.0064	  0.0056	  0.0101	 -0.0611	  0.0000
  0.0068	  0.0056	  0.0161	 -0.0728	  0.0000
  0.0072	  0.0056	  0.0131	 -0.0879	  0.0000
  0.0076	  0.0056	  0.0162	 -0.1052	  0.0000
  0.0080	  0.0056	  0.0200	 -0.1247	  0.0000
  0.0084	  0.0056	  0.0326	 -0.1580	  0.0000
  0.0088	  0.0056	  0.0288	 -0.1813	  0.0000
  0.0092	  0.0056	  0.0328	 -0.1988	  0.0000
  0.0096	  0.0056	  0.0204	 -0.2562	  0.0000
  0.0100	  0.0056	  0.0099	 -0.2817	  0.0000
  0.0104	  0.0056	  0.0054	 -0.2827	  1.0000
  0.0108	  0.0056	 -0.0004	 -0.2861	  0.0000
  0.0112	  0.0056	 -0.0061	 -0.2866	  0.0000
  0.0116	  0.0056	 -0.0108	 -0.2876	  0.0000
  0.0120	  0.0056	 -0.0139	 -0.2884	  1.0000
  0.0124	  0.0056	 -0.0151	 -0.2883	  0.0000
  0.0128	  0.0056	 -0.0149	 -0.2876	  0.0000
  0.0132	  0.0056	 -0.0149	 -0.2866	  0.0000
  0.0136	  0.0056	 -0.0155	 -0.2866	  1.0000
  0.0140	  0.0056	 -0.0196	 -0.2951	  0.0000
  0.0144	  0.0056	 -0.0212	 -0.2677	  1.0000
  0.0148	  0.0056	 -0.0205	 -0.2484	  0.0000
  0.0152	  0.0056	 -0.0323	 -0.2231	  0.0000
  0.0156	  0.0056	 -0.0218	 -0.1721	  0.0000
  0.0160	  0.0056	 -0.0265	 -0.1468	  1.0000
  0.0164	  0.0056	 -0.0336	 -0.1254	  1.0000
  0.0168	  0.0056	 -0.0296	 -0.1024	  1.0000
  0.0172	  0.0056	 -0.0191	 -0.0694	  0.0000
  0.0176	  0.0056	 -0.0320	 -0.0661	  0.0000
  0.0180	  0.0056	 -0.0224	 -0.0532	  0.0000
  0.0184	  0.0056	 -0.0079	 -0.0462	  1.0000
  0.0188	  0.0056	  0.0035	 -0.0292	  0.0000
  0.0192	  0.0056	  0.0036	 -0.0250	  0.0000
  0.0196	  0.0056	  0.0098	 -0.0268	  0.0000
  0.0200	  0.0056	  0.0188	 -0.0320	  0.0000
  0.0204	  0.0056	  0.0053	 -0.0415	  1.0000
  0.0208	  0.0056	  0.0196	 -0.0368	  0.0000
  0.0212	  0.0056	 -0.0132	 -0.0500	  0.0000
  0.0216	  0.0056	 -0.0181	 -0.0675	  0.0000
  0.0220	  0.0056	  0.0002	 -0.0820	  0.0000
  0.0224	  0.0056	  0.0079	 -0.0946	  0.0000
  0.0228	  0.0056	  0.0028	 -0.1255	  1.0000
  0.0232	  0.0056	  0.0050	 -0.1539	  0.0000
  0.0236	  0.0056	 -0.0096	 -0.1848	  1.0000
  0.0240	  0.0056	 -0.0203	 -0.2116	  0.0000
  0.0244	  0.0056	 -0.0162	 -0.2167	  1.0000
  0.0004	  0.0062	 -0.0149	 -0.1938	  1.0000
  0.0008	  0.0062	 -0.0112	 -0.1874	  0.0000
  0.0012	  0.0062	 -0.0085	 -0.1631	  0.0000
  0.0016	  0.0062	 -0.0165	 -0.1264	  0.0000
  0.0020	  0.0062	 -0.0106	 -0.1019	  0.0000
  0.0024	  0.0062	 -0.0113	 -0.0887	  0.0000
  0.0028	  0.0062	 -0.0147	 -0.0875	  0.0000
  0.0032	  0.0062	 -0.0085	 -0.0726	  0.0000
  0.0036	  0.0062	 -0.0034	 -0.0417	  0.0000
  0.0040	  0.0062	 -0.0011	 -0.0199	  0.0000
  0.0044	  0.0062	 -0.0077	 -0.0171	  0.0000
  0.0048	  0.0062	 -0.0053	 -0.0254	  0.0000
  0.0052	  0.0062	 -0.0042	 -0.0211	  0.0000
  0.0056	  0.0062	  0.0081	 -0.0302	  0.0000
  0.0060	  0.0062	  0.0059	 -0.0331	  0.0000
  0.0064	  0.0062	 -0.0062	 -0.0473	  0.0000
  0.0068	  0.0062	 -0.0041	 -0.0613	  0.0000
  0.0072	  0.0062	 -0.0019	 -0.0703	  0.0000
  0.0076	  0.0062	  0.0207	 -0.1065	  0.0000
  0.0080	  0.0062	  0.0122	 -0.1299	  0.0000
  0.0084	  0.0062	  0.0091	 -0.1431	  0.0000
  0.0088	  0.0062	 -0.0044	 -0.1592	  0.0000
  0.0092	  0.0062	 -0.0019	 -0.1791	  0.0000
  0.0096	  0.0062	  0.0130	 -0.2288	  0.0000
  0.0100	  0.0062	  0.0008	 -0.2594	  0.0000
  0.0104	  0.0062	 -0.0065	 -0.2982	  0.0000
  0.0108	  0.0062	 -0.0117	 -0.2865	  0.0000
  0.0112	  0.0062	 -0.0134	 -0.2855	  0.0000
  0.0116	  0.0062	 -0.0144	 -0.2863	  0.0000
  0.0120	  0.0062	 -0.0137	 -0.2864	  1.0000
  0.0124	  0.0062	 -0.0120	 -0.2857	  1.0000
  0.0128	  0.0062	 -0.0097	 -0.2841	  0.0000
  0.0132	  0.0062	 -0.0080	 -0.2817	  1.0000
  0.0136	  0.0062	 -0.0068	 -0.2792	  0.0000
  0.0140	  0.0062	 -0.0068	 -0.2732	  0.0000
  0.0144	  0.0062	 -0.0261	 -0.2689	  0.0000
  0.0148	  0.0062	 -0.0134	 -0.2323	  0.0000
  0.0152	  0.0062	 -0.0202	 -0.2019	  0.0000
  0.0156	  0.0062	 -0.0054	 -0.1689	  0.0000
  0.0160	  0.0062	 -0.0135	 -0.1254	  0.0000
  0.0164	  0.0062	 -0.0016	 -0.1070	  0.0000
  0.0168	  0.0062	 -0.0075	 -0.0895	  0.0000
  0.0172	  0.0062	 -0.0135	 -0.0699	  0.0000
  0.0176	  0.0062	 -0.0132	 -0.0601	  1.0000
  0.0180	  0.0062	 -0.0043	 -0.0479	  1.0000
  0.0184	  0.0062	  0.0282	 -0.0263	  0.0000
  0.0188	  0.0062	  0.0118	 -0.0244	  0.0000
  0.0192	  0.0062	 -0.0001	 -0.0202	  0.0000
  0.0196	  0.0062	  0.0120	 -0.0192	  0.0000
  0.0200	  0.0062	  0.0078	 -0.0271	  1.0000
  0.0204	  0.0062	  0.0053	 -0.0320	  1.0000
  0.0208	  0.0062	 -0.0029	 -0.0398	  1.0000
  0.0212	  0.0062	 -0.0119	 -0.0498	  1.0000
  0.0216	  0.0062	 -0.0167	 -0.0631	  1.0000
  0.0220	  0.0062	 -0.0131	 -0.0771	  0.0000
  0.0224	  0.0062	 -0.0068	 -0.0952	  1.0000
  0.0228	  0.0062	 -0.0036	 -0.1096	  0.0000
  0.0232	  0.0062	 -0.0103	 -0.1452	  0.0000
  0.0236	  0.0062	 -0.0238	 -0.1749	  1.0000
  0.0240	  0.0062	 -0.0206	 -0.2246	  0.0000
  0.0244	  0.0062	 -0.0288	 -0.2066	  1.0000
  0.0004	  0.0067	  0.0017	 -0.1800	  1.0000
  0.0008	  0.0067	  0.0035	 -0.1786	  0.0000
  0.0012	  0.0067	  0.0060	 -0.1694	  0.0000
  0.0016	  0.0067	  0.0070	 -0.1199	  0.0000
  0.0020	  0.0067	 -0.0017	 -0.0791	  0.0000
  0.0024	  0.0067	 -0.0079	 -0.0804	  0.0000
  0.0028	  0.0067	 -0.0009	 -0.0760	  0.0000
  0.0032	  0.0067	 -0.0011	 -0.0543	  0.0000
  0.0036	  0.0067	  0.0012	 -0.0259	  0.0000
  0.0040	  0.0067	 -0.0027	 -0.0127	  0.0000
  0.0044	  0.0067	 -0.0030	 -0.0091	  0.0000
  0.0048	  0.0067	 -0.0100	 -0.0136	  0.0000
  0.0052	  0.0067	 -0.0111	 -0.0129	  0.0000
  0.0056	  0.0067	 -0.0029	 -0.0202	  1.0000
  0.0060	  0.0067	  0.0033	 -0.0252	  0.0000
  0.0064	  0.0067	 -0.0088	 -0.0402	  0.0000
  0.0068	  0.0067	 -0.0204	 -0.0509	  0.0000
  0.0072	  0.0067	 -0.0038	 -0.0673	  0.0000
  0.0076	  0.0067	  0.0015	 -0.0952	  1.0000
  0.0080	  0.0067	  0.0047	 -0.1268	  0.0000
  0.0084	  0.0067	 -0.0092	 -0.1352	  0.0000
  0.0088	  0.0067	 -0.0208	 -0.1556	  0.0000
  0.0092	  0.0067	 -0.0151	 -0.1914	  0.0000
  0.0096	  0.0067	 -0.0071	 -0.2341	  0.0000
  0.0100	  0.0067	 -0.0135	 -0.2483	  0.0000
  0.0104	  0.0067	 -0.0282	 -0.2869	  0.0000
  0.0108	  0.0067	 -0.0201	 -0.2796	  0.0000
  0.0112	  0.0067	 -0.0184	 -0.2838	  0.0000
  0.0116	  0.0067	 -0.0148	 -0.2844	  1.0000
  0.0120	  0.0067	 -0.0117	 -0.2850	  1.0000
  0.0124	  0.0067	 -0.0085	 -0.2842	  0.0000
  0.0128	  0.0067	 -0.0051	 -0.2815	  1.0000
  0.0132	  0.0067	 -0.0019	 -0.2770	  1.0000
  0.0136	  0.0067	  0.0022	 -0.2706	  1.0000
  0.0140	  0.0067	  0.0073	 -0.2627	  1.0000
  0.0144	  0.0067	  0.0248	 -0.2555	  0.0000
  0.0148	  0.0067	  0.0143	 -0.2128	  0.0000
  0.0152	  0.0067	  0.0068	 -0.1886	  0.0000
  0.0156	  0.0067	  0.0028	 -0.1691	  0.0000
  0.0160	  0.0067	 -0.0004	 -0.1422	  0.0000
  0.0164	  0.0067	 -0.0136	 -0.1167	  0.0000
  0.0168	  0.0067	 -0.0064	 -0.0901	  0.0000
  0.0172	  0.0067	 -0.0136	 -0.0726	  0.0000
  0.0176	  0.0067	 -0.0050	 -0.0583	  1.0000
  0.0180	  0.0067	  0.0042	 -0.0437	  1.0000
  0.0184	  0.0067	  0.0138	 -0.0293	  0.0000
  0.0188	  0.0067	  0.0118	 -0.0234	  1.0000
  0.0192	  0.0067	  0.0077	 -0.0234	  0.0000
  0.0196	  0.0067	  0.0076	 -0.0236	  0.0000
  0.0200	  0.0067	  0.0033	 -0.0190	  0.0000
  0.0204	  0.0067	 -0.0000	 -0.0225	  0.0000
  0.0208	  0.0067	 -0.0094	 -0.0382	  1.0000
  0.0212	  0.0067	 -0.0187	 -0.0483	  1.0000
  0.0216	  0.0067	 -0.0357	 -0.0556	  0.0000
  0.0220	  0.0067	 -0.0232	 -0.0749	  1.0000
  0.0224	  0.0067	 -0.0163	 -0.0883	  0.0000
  0.0228	  0.0067	 -0.0093	 -0.1101	  0.0000
  0.0232	  0.0067	 -0.0439	 -0.1267	  0.0000
  0.0236	  0.0067	 -0.0451	 -0.1669	  1.0000
  0.0240	  0.0067	 -0.0457	 -0.1852	  1.0000
  0.0244	  0.0067	 -0.0410	 -0.1942	  1.0000
  0.0004	  0.0073	  0.0145	 -0.1721	  1.0000
  0.0008	  0.0073	  0.0167	 -0.1682	  1.0000
  0.0012	  0.0073	  0.0264	 -0.1620	  0.0000
  0.0016	  0.0073	  0.0231	 -0.1292	  0.0000
  0.0020	  0.0073	  0.0032	 -0.0963	  0.0000
  0.0024	  0.0073	  0.0051	 -0.0767	  0.0000
  0.0028	  0.0073	  0.0167	 -0.0613	  0.0000
  0.0032	  0.0073	  0.0110	 -0.0471	  0.0000
  0.0036	  0.0073	  0.0046	 -0.0262	  0.0000
  0.0040	  0.0073	  0.0042	 -0.0161	  0.0000
  0.0044	  0.0073	  0.0084	 -0.0133	  0.0000
  0.0048	  0.0073	 -0.0014	 -0.0083	  0.0000
  0.0052	  0.0073	 -0.0074	 -0.0080	  0.0000
  0.0056	  0.0073	 -0.0119	 -0.0137	  0.0000
  0.0060	  0.0073	 -0.0058	 -0.0174	  0.0000
  0.0064	  0.0073	 -0.0086	 -0.0269	  0.0000
  0.0068	  0.0073	 -0.0209	 -0.0470	  0.0000
  0.0072	  0.0073	 -0.0045	 -0.0680	  0.0000
  0.0076	  0.0073	  0.0014	 -0.0874	  0.0000
  0.0080	  0.0073	 -0.0166	 -0.1053	  1.0000
  0.0084	  0.0073	 -0.0360	 -0.1313	  0.0000
  0.0088	  0.0073	 -0.0109	 -0.1726	  0.0000
  0.0092	  0.0073	 -0.0311	 -0.1888	  0.0000
  0.0096	  0.0073	 -0.0380	 -0.1918	  0.0000
  0.0100	  0.0073	 -0.0165	 -0.2137	  0.0000
  0.0104	  0.0073	 -0.0247	 -0.2308	  0.0000
  0.0108	  0.0073	 -0.0358	 -0.2842	  0.0000
  0.0112	  0.0073	 -0.0181	 -0.2803	  1.0000
  0.0116	  0.0073	 -0.0129	 -0.2825	  1.0000
  0.0120	  0.0073	 -0.0095	 -0.2845	  0.0000
  0.0124	  0.0073	 -0.0060	 -0.2848	  0.0000
  0.0128	  0.0073	 -0.0028	 -0.2810	  1.0000
  0.0132	  0.0073	  0.0022	 -0.2737	  1.0000
  0.0136	  0.0073	  0.0086	 -0.2649	  1.0000
  0.0140	  0.0073	  0.0198	 -0.2539	  0.0000
  0.0144	  0.0073	  0.0419	 -0.2357	  0.0000
  0.0148	  0.0073	  0.0270	 -0.2096	  1.0000
  0.0152	  0.0073	  0.0255	 -0.1810	  1.0000
  0.0156	  0.0073	  0.0229	 -0.1564	  1.0000
  0.0160	  0.0073	  0.0196	 -0.1328	  1.0000
  0.0164	  0.0073	  0.0124	 -0.1086	  1.0000
  0.0168	  0.0073	  0.0043	 -0.0793	  0.0000
  0.0172	  0.0073	 -0.0077	 -0.0713	  0.0000
  0.0176	  0.0073	  0.0031	 -0.0576	  0.0000
  0.0180	  0.0073	  0.0049	 -0.0434	  1.0000
  0.0184	  0.0073	  0.0064	 -0.0267	  0.0000
  0.0188	  0.0073	  0.0148	 -0.0163	  0.0000
  0.0192	  0.0073	  0.0122	 -0.0210	  0.0000
  0.0196	  0.0073	 -0.0000	 -0.0188	  0.0000
  0.0200	  0.0073	 -0.0065	 -0.0150	  0.0000
  0.0204	  0.0073	 -0.0070	 -0.0268	  1.0000
  0.0208	  0.0073	 -0.0149	 -0.0383	  1.0000
  0.0212	  0.0073	 -0.0243	 -0.0487	  1.0000
  0.0216	  0.0073	 -0.0336	 -0.0535	  0.0000
  0.0220	  0.0073	 -0.0312	 -0.0743	  1.0000
  0.0224	  0.0073	 -0.0316	 -0.0923	  1.0000
  0.0228	  0.0073	 -0.0471	 -0.1233	  0.0000
  0.0232	  0.0073	 -0.0617	 -0.1436	  0.0000
  0.0236	  0.0073	 -0.0966	 -0.1599	  0.0000
  0.0240	  0.0073	 -0.0578	 -0.1751	  0.0000
  0.0244	  0.0073	 -0.0515	 -0.1791	  1.0000
  0.0004	  0.0078	  0.0267	 -0.1652	  1.0000
  0.0008	  0.0078	  0.0237	 -0.1683	  0.0000
  0.0012	  0.0078	  0.0311	 -0.1505	  0.0000
  0.0016	  0.0078	  0.0346	 -0.1401	  0.0000
  0.0020	  0.0078	  0.0299	 -0.1002	  1.0000
  0.0024	  0.0078	  0.0377	 -0.0825	  0.0000
  0.0028	  0.0078	  0.0375	 -0.0749	  0.0000
  0.0032	  0.0078	  0.0263	 -0.0521	  0.0000
  0.0036	  0.0078	  0.0139	 -0.0306	  0.0000
  0.0040	  0.0078	  0.0067	 -0.0206	  0.0000
  0.0044	  0.0078	  0.0040	 -0.0215	  0.0000
  0.0048	  0.0078	  0.0018	 -0.0244	  0.0000
  0.0052	  0.0078	 -0.0118	 -0.0196	  0.0000
  0.0056	  0.0078	 -0.0152	 -0.0191	  0.0000
  0.0060	  0.0078	 -0.0166	 -0.0290	  0.0000
  0.0064	  0.0078	 -0.0124	 -0.0372	  0.0000
  0.0068	  0.0078	 -0.0195	 -0.0429	  0.0000
  0.0072	  0.0078	 -0.0193	 -0.0616	  1.0000
  0.0076	  0.0078	 -0.0211	 -0.0783	  1.0000
  0.0080	  0.0078	 -0.0249	 -0.0890	  0.0000
  0.0084	  0.0078	 -0.0496	 -0.0995	  0.0000
  0.0088	  0.0078	 -0.0366	 -0.1473	  1.0000
  0.0092	  0.0078	 -0.0433	 -0.1706	  0.0000
  0.0096	  0.0078	 -0.0447	 -0.1797	  0.0000
  0.0100	  0.0078	 -0.0479	 -0.2056	  0.0000
  0.0104	  0.0078	 -0.0286	 -0.2375	  1.0000
  0.0108	  0.0078	 -0.0149	 -0.2728	  0.0000
  0.0112	  0.0078	 -0.0141	 -0.2817	  0.0000
  0.0116	  0.0078	 -0.0105	 -0.2733	  1.0000
  0.0120	  0.0078	 -0.0027	 -0.2867	  0.0000
  0.0124	  0.0078	 -0.0082	 -0.2946	  0.0000
  0.0128	  0.0078	 -0.0014	 -0.2806	  1.0000
  0.0132	  0.0078	  0.0027	 -0.2719	  0.0000
  0.0136	  0.0078	  0.0119	 -0.2618	  1.0000
  0.0140	  0.0078	  0.0220	 -0.2476	  1.0000
  0.0144	  0.0078	  0.0293	 -0.2278	  1.0000
  0.0148	  0.0078	  0.0340	 -0.2027	  1.0000
  0.0152	  0.0078	  0.0364	 -0.1742	  1.0000
  0.0156	  0.0078	  0.0570	 -0.1365	  0.0000
  0.0160	  0.0078	  0.0341	 -0.1285	  0.0000
  0.0164	  0.0078	  0.0415	 -0.1047	  0.0000
  0.0168	  0.0078	  0.0198	 -0.0747	  0.0000
  0.0172	  0.0078	  0.0036	 -0.0680	  0.0000
  0.0176	  0.0078	  0.0039	 -0.0566	  1.0000
  0.0180	  0.0078	  0.0055	 -0.0437	  1.0000
  0.0184	  0.0078	  0.0074	 -0.0318	  1.0000
  0.0188	  0.0078	  0.0088	 -0.0237	  1.0000
  0.0192	  0.0078	  0.0069	 -0.0183	  0.0000
  0.0196	  0.0078	  0.0016	 -0.0141	  0.0000
  0.0200	  0.0078	  0.0002	 -0.0149	  0.0000
  0.0204	  0.0078	 -0.0100	 -0.0279	  1.0000
  0.0208	  0.0078	 -0.0181	 -0.0395	  1.0000
  0.0212	  0.0078	 -0.0312	 -0.0550	  0.0000
  0.0216	  0.0078	 -0.0318	 -0.0623	  1.0000
  0.0220	  0.0078	 -0.0355	 -0.0756	  1.0000
  0.0224	  0.0078	 -0.0411	 -0.0924	  1.0000
  0.0228	  0.0078	 -0.0486	 -0.0999	  0.0000
  0.0232	  0.0078	 -0.0701	 -0.1254	  0.0000
  0.0236	  0.0078	 -0.0656	 -0.1510	  1.0000
  0.0240	  0.0078	 -0.0562	 -0.1696	  0.0000
  0.0244	  0.0078	 -0.0566	 -0.1706	  1.0000
  0.0004	  0.0084	  0.0322	 -0.1628	  1.0000
  0.0008	  0.0084	  0.0460	 -0.1549	  0.0000
  0.0012	  0.0084	  0.0439	 -0.1547	  0.0000
  0.0016	  0.0084	  0.0485	 -0.1242	  0.0000
  0.0020	  0.0084	  0.0424	 -0.0829	  0.0000
  0.0024	  0.0084	  0.0448	 -0.0693	  0.0000
  0.0028	  0.0084	  0.0400	 -0.0652	  0.0000
  0.0032	  0.0084	  0.0328	 -0.0484	  0.0000
  0.0036	  0.0084	  0.0231	 -0.0334	  0.0000
  0.0040	  0.0084	  0.0082	 -0.0195	  0.0000
  0.0044	  0.0084	 -0.0005	 -0.0215	  0.0000
  0.0048	  0.0084	 -0.0101	 -0.0200	  0.0000
  0.0052	  0.0084	 -0.0046	 -0.0174	  0.0000
  0.0056	  0.0084	 -0.0095	 -0.0264	  0.0000
  0.0060	  0.0084	 -0.0164	 -0.0331	  0.0000
  0.0064	  0.0084	 -0.0250	 -0.0394	  0.0000
  0.0068	  0.0084	 -0.0211	 -0.0430	  0.0000
  0.0072	  0.0084	 -0.0250	 -0.0586	  1.0000
  0.0076	  0.0084	 -0.0441	 -0.0677	  0.0000
  0.0080	  0.0084	 -0.0355	 -0.0893	  1.0000
  0.0084	  0.0084	 -0.0377	 -0.1127	  1.0000
  0.0088	  0.0084	 -0.0419	 -0.1388	  1.0000
  0.0092	  0.0084	 -0.0421	 -0.1644	  1.0000
  0.0096	  0.0084	 -0.0435	 -0.1858	  1.0000
  0.0100	  0.0084	 -0.0390	 -0.2087	  1.0000
  0.0104	  0.0084	 -0.0300	 -0.2348	  1.0000
  0.0108	  0.0084	 -0.0196	 -0.2494	  1.0000
  0.0112	  0.0084	 -0.0105	 -0.2201	  0.0000
  0.0116	  0.0084	 -0.0089	 -0.2687	  1.0000
  0.0120	  0.0084	 -0.0069	 -0.2817	  1.0000
  0.0124	  0.0084	 -0.0041	 -0.2851	  1.0000
  0.0128	  0.0084	 -0.0013	 -0.2810	  1.0000
  0.0132	  0.0084	  0.0048	 -0.2717	  1.0000
  0.0136	  0.0084	  0.0126	 -0.2606	  1.0000
  0.0140	  0.0084	  0.0213	 -0.2456	  1.0000
  0.0144	  0.0084	  0.0291	 -0.2252	  1.0000
  0.0148	  0.0084	  0.0352	 -0.1997	  1.0000
  0.0152	  0.0084	  0.0418	 -0.1703	  1.0000
  0.0156	  0.0084	  0.0419	 -0.1421	  1.0000
  0.0160	  0.0084	  0.0377	 -0.1043	  0.0000
  0.0164	  0.0084	  0.0309	 -0.0991	  1.0000
  0.0168	  0.0084	  0.0213	 -0.0830	  1.0000
  0.0172	  0.0084	  0.0108	 -0.0679	  1.0000
  0.0176	  0.0084	  0.0059	 -0.0562	  1.0000
  0.0180	  0.0084	  0.0058	 -0.0443	  1.0000
  0.0184	  0.0084	  0.0067	 -0.0333	  1.0000
  0.0188	  0.0084	  0.0062	 -0.0237	  0.0000
  0.0192	  0.0084	  0.0103	 -0.0188	  0.0000
  0.0196	  0.0084	  0.0032	 -0.0173	  1.0000
  0.0200	  0.0084	 -0.0030	 -0.0204	  1.0000
  0.0204	  0.0084	 -0.0102	 -0.0285	  1.0000
  0.0208	  0.0084	 -0.0194	 -0.0404	  1.0000
  0.0212	  0.0084	 -0.0269	 -0.0520	  1.0000
  0.0216	  0.0084	 -0.0328	 -0.0641	  1.0000
  0.0220	  0.0084	 -0.0372	 -0.0768	  1.0000
  0.0224	  0.0084	 -0.0433	 -0.0903	  1.0000
  0.0228	  0.0084	 -0.0528	 -0.1069	  1.0000
  0.0232	  0.0084	 -0.0600	 -0.1261	  1.0000
  0.0236	  0.0084	 -0.0624	 -0.1468	  1.0000
  0.0240	  0.0084	 -0.0597	 -0.1612	  1.0000
  0.0244	  0.0084	 -0.0575	 -0.1674	  1.0000
