  0.0004	  0.0006	 -0.0588	 -0.2763	  1.0000
  0.0008	  0.0006	 -0.0587	 -0.2754	  1.0000
  0.0012	  0.0006	 -0.0582	 -0.2724	  1.0000
  0.0016	  0.0006	 -0.0566	 -0.2657	  1.0000
  0.0020	  0.0006	 -0.0538	 -0.2554	  1.0000
  0.0024	  0.0006	 -0.0500	 -0.2434	  1.0000
  0.0028	  0.0006	 -0.0457	 -0.2330	  1.0000
  0.0032	  0.0006	 -0.0400	 -0.2264	  1.0000
  0.0036	  0.0006	 -0.0322	 -0.2243	  1.0000
  0.0040	  0.0006	 -0.0217	 -0.2260	  1.0000
  0.0044	  0.0006	 -0.0107	 -0.2298	  1.0000
  0.0048	  0.0006	 -0.0014	 -0.2341	  1.0000
  0.0052	  0.0006	  0.0052	 -0.2372	  1.0000
  0.0056	  0.0006	  0.0105	 -0.2383	  1.0000
  0.0060	  0.0006	  0.0164	 -0.2371	  1.0000
  0.0064	  0.0006	  0.0240	 -0.2346	  1.0000
  0.0068	  0.0006	  0.0343	 -0.2322	  1.0000
  0.0072	  0.0006	  0.0452	 -0.2318	  1.0000
  0.0076	  0.0006	  0.0547	 -0.2336	  1.0000
  0.0080	  0.0006	  0.0603	 -0.2372	  1.0000
  0.0084	  0.0006	  0.0628	 -0.2407	  1.0000
  0.0088	  0.0006	  0.0631	 -0.2438	  1.0000
  0.0092	  0.0006	  0.0628	 -0.2469	  1.0000
  0.0096	  0.0006	  0.0621	 -0.2514	  1.0000
  0.0100	  0.0006	  0.0611	 -0.2576	  1.0000
  0.0104	  0.0006	  0.0605	 -0.2629	  1.0000
  0.0108	  0.0006	  0.0602	 -0.2664	  1.0000
  0.0112	  0.0006	  0.0603	 -0.2676	  1.0000
  0.0116	  0.0006	  0.0603	 -0.2679	  1.0000
  0.0120	  0.0006	  0.0604	 -0.2683	  1.0000
  0.0124	  0.0006	 -0.0815	 -0.2988	  1.0000
  0.0128	  0.0006	 -0.0815	 -0.2989	  1.0000
  0.0132	  0.0006	 -0.0815	 -0.2989	  1.0000
  0.0136	  0.0006	 -0.0815	 -0.2988	  1.0000
  0.0140	  0.0006	 -0.0815	 -0.2986	  1.0000
  0.0144	  0.0006	 -0.0814	 -0.2977	  1.0000
  0.0148	  0.0006	 -0.0812	 -0.2957	  1.0000
  0.0152	  0.0006	 -0.0808	 -0.2915	  1.0000
  0.0156	  0.0006	 -0.0799	 -0.2838	  1.0000
  0.0160	  0.0006	 -0.0777	 -0.2693	  1.0000
  0.0164	  0.0006	 -0.0707	 -0.2436	  1.0000
  0.0168	  0.0006	 -0.0581	 -0.2126	  1.0000
  0.0172	  0.0006	 -0.0437	 -0.1908	  1.0000
  0.0176	  0.0006	 -0.0324	 -0.1864	  1.0000
  0.0180	  0.0006	 -0.0261	 -0.1943	  1.0000
  0.0184	  0.0006	 -0.0223	 -0.2038	  1.0000
  0.0188	  0.0006	 -0.0198	 -0.2103	  1.0000
  0.0192	  0.0006	 -0.0174	 -0.2137	  1.0000
  0.0196	  0.0006	 -0.0134	 -0.2126	  1.0000
  0.0200	  0.0006	 -0.0066	 -0.2075	  1.0000
  0.0204	  0.0006	  0.0035	 -0.1994	  1.0000
  0.0208	  0.0006	  0.0143	 -0.1912	  1.0000
  0.0212	  0.0006	  0.0233	 -0.1853	  1.0000
  0.0216	  0.0006	  0.0285	 -0.1852	  1.0000
  0.0220	  0.0006	  0.0323	 -0.1929	  1.0000
  0.0224	  0.0006	  0.0372	 -0.2108	  1.0000
  0.0228	  0.0006	  0.0440	 -0.2359	  1.0000
  0.0232	  0.0006	  0.0507	 -0.2613	  1.0000
  0.0236	  0.0006	  0.0553	 -0.2798	  1.0000
  0.0240	  0.0006	  0.0574	 -0.2890	  1.0000
  0.0244	  0.0006	  0.0580	 -0.2917	  1.0000
  0.0004	  0.0011	 -0.0587	 -0.2750	  1.0000
  0.0008	  0.0011	 -0.0587	 -0.2740	  1.0000
  0.0012	  0.0011	 -0.0582	 -0.2708	  1.0000
  0.0016	  0.0011	 -0.0568	 -0.2638	  1.0000
  0.0020	  0.0011	 -0.0543	 -0.2534	  1.0000
  0.0024	  0.0011	 -0.0506	 -0.2418	  1.0000
  0.0028	  0.0011	 -0.0463	 -0.2319	  1.0000
  0.0032	  0.0011	 -0.0406	 -0.2256	  1.0000
  0.0036	  0.0011	 -0.0329	 -0.2231	  1.0000
  0.0040	  0.0011	 -0.0227	 -0.2239	  1.0000
  0.0044	  0.0011	 -0.0118	 -0.2268	  1.0000
  0.0048	  0.0011	 -0.0023	 -0.2310	  1.0000
  0.0052	  0.0011	  0.0051	 -0.2345	  1.0000
  0.0056	  0.0011	  0.0114	 -0.2362	  1.0000
  0.0060	  0.0011	  0.0184	 -0.2348	  1.0000
  0.0064	  0.0011	  0.0269	 -0.2321	  1.0000
  0.0068	  0.0011	  0.0370	 -0.2297	  1.0000
  0.0072	  0.0011	  0.0470	 -0.2297	  1.0000
  0.0076	  0.0011	  0.0554	 -0.2323	  1.0000
  0.0080	  0.0011	  0.0604	 -0.2364	  1.0000
  0.0084	  0.0011	  0.0625	 -0.2404	  1.0000
  0.0088	  0.0011	  0.0628	 -0.2440	  1.0000
  0.0092	  0.0011	  0.0624	 -0.2478	  1.0000
  0.0096	  0.0011	  0.0617	 -0.2526	  1.0000
  0.0100	  0.0011	  0.0608	 -0.2585	  1.0000
  0.0104	  0.0011	  0.0603	 -0.2634	  1.0000
  0.0108	  0.0011	  0.0601	 -0.2664	  1.0000
  0.0112	  0.0011	  0.0602	 -0.2675	  1.0000
  0.0116	  0.0011	  0.0602	 -0.2679	  1.0000
  0.0120	  0.0011	  0.0320	 -0.2717	  1.0000
  0.0124	  0.0011	 -0.0717	 -0.2931	  1.0000
  0.0128	  0.0011	 -0.0749	 -0.2950	  1.0000
  0.0132	  0.0011	 -0.0793	 -0.2974	  1.0000
  0.0136	  0.0011	 -0.0802	 -0.2979	  1.0000
  0.0140	  0.0011	 -0.0809	 -0.2979	  1.0000
  0.0144	  0.0011	 -0.0809	 -0.2967	  1.0000
  0.0148	  0.0011	 -0.0808	 -0.2937	  1.0000
  0.0152	  0.0011	 -0.0802	 -0.2876	  1.0000
  0.0156	  0.0011	 -0.0791	 -0.2773	  1.0000
  0.0160	  0.0011	 -0.0766	 -0.2604	  1.0000
  0.0164	  0.0011	 -0.0701	 -0.2353	  1.0000
  0.0168	  0.0011	 -0.0591	 -0.2076	  1.0000
  0.0172	  0.0011	 -0.0462	 -0.1886	  1.0000
  0.0176	  0.0011	 -0.0355	 -0.1845	  1.0000
  0.0180	  0.0011	 -0.0285	 -0.1910	  1.0000
  0.0184	  0.0011	 -0.0239	 -0.2001	  1.0000
  0.0188	  0.0011	 -0.0206	 -0.2072	  1.0000
  0.0192	  0.0011	 -0.0174	 -0.2110	  1.0000
  0.0196	  0.0011	 -0.0127	 -0.2092	  1.0000
  0.0200	  0.0011	 -0.0054	 -0.2034	  1.0000
  0.0204	  0.0011	  0.0047	 -0.1952	  1.0000
  0.0208	  0.0011	  0.0152	 -0.1880	  1.0000
  0.0212	  0.0011	  0.0237	 -0.1835	  1.0000
  0.0216	  0.0011	  0.0288	 -0.1844	  1.0000
  0.0220	  0.0011	  0.0328	 -0.1923	  1.0000
  0.0224	  0.0011	  0.0378	 -0.2095	  1.0000
  0.0228	  0.0011	  0.0444	 -0.2337	  1.0000
  0.0232	  0.0011	  0.0508	 -0.2586	  1.0000
  0.0236	  0.0011	  0.0552	 -0.2772	  1.0000
  0.0240	  0.0011	  0.0573	 -0.2871	  1.0000
  0.0244	  0.0011	  0.0578	 -0.2902	  1.0000
  0.0004	  0.0017	 -0.0585	 -0.2718	  1.0000
  0.0008	  0.0017	 -0.0585	 -0.2709	  1.0000
  0.0012	  0.0017	 -0.0583	 -0.2675	  1.0000
  0.0016	  0.0017	 -0.0574	 -0.2598	  1.0000
  0.0020	  0.0017	 -0.0553	 -0.2492	  1.0000
  0.0024	  0.0017	 -0.0520	 -0.2381	  1.0000
  0.0028	  0.0017	 -0.0476	 -0.2295	  1.0000
  0.0032	  0.0017	 -0.0419	 -0.2241	  1.0000
  0.0036	  0.0017	 -0.0344	 -0.2210	  1.0000
  0.0040	  0.0017	 -0.0246	 -0.2196	  1.0000
  0.0044	  0.0017	 -0.0137	 -0.2199	  1.0000
  0.0048	  0.0017	 -0.0035	 -0.2232	  1.0000
  0.0052	  0.0017	  0.0043	 -0.2299	  1.0000
  0.0056	  0.0017	  0.0128	 -0.2323	  1.0000
  0.0060	  0.0017	  0.0224	 -0.2311	  1.0000
  0.0064	  0.0017	  0.0333	 -0.2258	  1.0000
  0.0068	  0.0017	  0.0426	 -0.2241	  1.0000
  0.0072	  0.0017	  0.0504	 -0.2253	  1.0000
  0.0076	  0.0017	  0.0567	 -0.2292	  1.0000
  0.0080	  0.0017	  0.0605	 -0.2346	  1.0000
  0.0084	  0.0017	  0.0621	 -0.2396	  1.0000
  0.0088	  0.0017	  0.0622	 -0.2441	  1.0000
  0.0092	  0.0017	  0.0616	 -0.2488	  1.0000
  0.0096	  0.0017	  0.0609	 -0.2543	  1.0000
  0.0100	  0.0017	  0.0601	 -0.2598	  1.0000
  0.0104	  0.0017	  0.0595	 -0.2641	  1.0000
  0.0108	  0.0017	  0.0586	 -0.2666	  1.0000
  0.0112	  0.0017	  0.0576	 -0.2678	  1.0000
  0.0116	  0.0017	  0.0525	 -0.2690	  1.0000
  0.0120	  0.0017	  0.0150	 -0.2739	  1.0000
  0.0124	  0.0017	 -0.0492	 -0.2862	  1.0000
  0.0128	  0.0017	 -0.0681	 -0.2908	  1.0000
  0.0132	  0.0017	 -0.0749	 -0.2946	  1.0000
  0.0136	  0.0017	 -0.0772	 -0.2958	  1.0000
  0.0140	  0.0017	 -0.0791	 -0.2964	  1.0000
  0.0144	  0.0017	 -0.0797	 -0.2948	  1.0000
  0.0148	  0.0017	 -0.0798	 -0.2901	  1.0000
  0.0152	  0.0017	 -0.0790	 -0.2805	  1.0000
  0.0156	  0.0017	 -0.0776	 -0.2660	  1.0000
  0.0160	  0.0017	 -0.0749	 -0.2462	  1.0000
  0.0164	  0.0017	 -0.0693	 -0.2227	  1.0000
  0.0168	  0.0017	 -0.0606	 -0.2000	  1.0000
  0.0172	  0.0017	 -0.0502	 -0.1850	  1.0000
  0.0176	  0.0017	 -0.0407	 -0.1803	  1.0000
  0.0180	  0.0017	 -0.0331	 -0.1837	  1.0000
  0.0184	  0.0017	 -0.0272	 -0.1915	  1.0000
  0.0188	  0.0017	 -0.0224	 -0.2020	  1.0000
  0.0192	  0.0017	 -0.0175	 -0.2063	  1.0000
  0.0196	  0.0017	 -0.0114	 -0.2036	  1.0000
  0.0200	  0.0017	 -0.0032	 -0.1936	  1.0000
  0.0204	  0.0017	  0.0069	 -0.1858	  1.0000
  0.0208	  0.0017	  0.0167	 -0.1812	  1.0000
  0.0212	  0.0017	  0.0245	 -0.1800	  1.0000
  0.0216	  0.0017	  0.0294	 -0.1827	  1.0000
  0.0220	  0.0017	  0.0336	 -0.1907	  1.0000
  0.0224	  0.0017	  0.0388	 -0.2065	  1.0000
  0.0228	  0.0017	  0.0452	 -0.2289	  1.0000
  0.0232	  0.0017	  0.0511	 -0.2531	  1.0000
  0.0236	  0.0017	  0.0551	 -0.2723	  1.0000
  0.0240	  0.0017	  0.0570	 -0.2836	  1.0000
  0.0244	  0.0017	  0.0576	 -0.2876	  1.0000
  0.0004	  0.0022	 -0.0581	 -0.2659	  0.0000
  0.0008	  0.0022	 -0.0583	 -0.2675	  0.0000
  0.0012	  0.0022	 -0.0583	 -0.2637	  1.0000
  0.0016	  0.0022	 -0.0581	 -0.2554	  1.0000
  0.0020	  0.0022	 -0.0570	 -0.2420	  1.0000
  0.0024	  0.0022	 -0.0545	 -0.2318	  1.0000
  0.0028	  0.0022	 -0.0499	 -0.2263	  1.0000
  0.0032	  0.0022	 -0.0438	 -0.2224	  1.0000
  0.0036	  0.0022	 -0.0363	 -0.2205	  1.0000
  0.0040	  0.0022	 -0.0267	 -0.2140	  1.0000
  0.0044	  0.0022	 -0.0154	 -0.2097	  1.0000
  0.0048	  0.0022	 -0.0035	 -0.2104	  1.0000
  0.0052	  0.0022	  0.0052	 -0.2186	  1.0000
  0.0056	  0.0022	  0.0067	 -0.2463	  0.0000
  0.0060	  0.0022	  0.0306	 -0.2200	  1.0000
  0.0064	  0.0022	  0.0431	 -0.2167	  1.0000
  0.0068	  0.0022	  0.0489	 -0.2171	  1.0000
  0.0072	  0.0022	  0.0530	 -0.2189	  1.0000
  0.0076	  0.0022	  0.0576	 -0.2247	  1.0000
  0.0080	  0.0022	  0.0608	 -0.2324	  1.0000
  0.0084	  0.0022	  0.0620	 -0.2393	  1.0000
  0.0088	  0.0022	  0.0615	 -0.2433	  1.0000
  0.0092	  0.0022	  0.0607	 -0.2492	  1.0000
  0.0096	  0.0022	  0.0598	 -0.2557	  1.0000
  0.0100	  0.0022	  0.0588	 -0.2611	  1.0000
  0.0104	  0.0022	  0.0576	 -0.2648	  1.0000
  0.0108	  0.0022	  0.0553	 -0.2670	  1.0000
  0.0112	  0.0022	  0.0525	 -0.2685	  1.0000
  0.0116	  0.0022	  0.0446	 -0.2703	  1.0000
  0.0120	  0.0022	  0.0054	 -0.2752	  1.0000
  0.0124	  0.0022	 -0.0372	 -0.2822	  1.0000
  0.0128	  0.0022	 -0.0614	 -0.2867	  1.0000
  0.0132	  0.0022	 -0.0683	 -0.2905	  1.0000
  0.0136	  0.0022	 -0.0721	 -0.2923	  1.0000
  0.0140	  0.0022	 -0.0756	 -0.2937	  1.0000
  0.0144	  0.0022	 -0.0779	 -0.2936	  1.0000
  0.0148	  0.0022	 -0.0783	 -0.2868	  0.0000
  0.0152	  0.0022	 -0.0776	 -0.2731	  1.0000
  0.0156	  0.0022	 -0.0758	 -0.2527	  1.0000
  0.0160	  0.0022	 -0.0735	 -0.2315	  1.0000
  0.0164	  0.0022	 -0.0691	 -0.2111	  1.0000
  0.0168	  0.0022	 -0.0619	 -0.1936	  1.0000
  0.0172	  0.0022	 -0.0536	 -0.1818	  1.0000
  0.0176	  0.0022	 -0.0455	 -0.1759	  1.0000
  0.0180	  0.0022	 -0.0384	 -0.1751	  1.0000
  0.0184	  0.0022	 -0.0315	 -0.1790	  1.0000
  0.0188	  0.0022	 -0.0248	 -0.1904	  1.0000
  0.0192	  0.0022	 -0.0180	 -0.2223	  0.0000
  0.0196	  0.0022	 -0.0100	 -0.1915	  1.0000
  0.0200	  0.0022	 -0.0014	 -0.1790	  1.0000
  0.0204	  0.0022	  0.0081	 -0.1722	  1.0000
  0.0208	  0.0022	  0.0179	 -0.1725	  1.0000
  0.0212	  0.0022	  0.0251	 -0.1764	  1.0000
  0.0216	  0.0022	  0.0301	 -0.1812	  1.0000
  0.0220	  0.0022	  0.0341	 -0.1877	  1.0000
  0.0224	  0.0022	  0.0399	 -0.2005	  1.0000
  0.0228	  0.0022	  0.0462	 -0.2214	  1.0000
  0.0232	  0.0022	  0.0513	 -0.2449	  1.0000
  0.0236	  0.0022	  0.0549	 -0.2672	  1.0000
  0.0240	  0.0022	  0.0568	 -0.2800	  1.0000
  0.0244	  0.0022	  0.0575	 -0.2859	  1.0000
  0.0004	  0.0028	 -0.0575	 -0.2572	  1.0000
  0.0008	  0.0028	 -0.0573	 -0.2582	  0.0000
  0.0012	  0.0028	 -0.0590	 -0.2781	  0.0000
  0.0016	  0.0028	 -0.0579	 -0.2445	  1.0000
  0.0020	  0.0028	 -0.0594	 -0.2320	  1.0000
  0.0024	  0.0028	 -0.0596	 -0.2234	  1.0000
  0.0028	  0.0028	 -0.0541	 -0.2177	  1.0000
  0.0032	  0.0028	 -0.0446	 -0.2286	  0.0000
  0.0036	  0.0028	 -0.0396	 -0.2171	  0.0000
  0.0040	  0.0028	 -0.0307	 -0.2207	  0.0000
  0.0044	  0.0028	 -0.0159	 -0.1864	  1.0000
  0.0048	  0.0028	 -0.0033	 -0.1853	  1.0000
  0.0052	  0.0028	  0.0131	 -0.2103	  0.0000
  0.0056	  0.0028	  0.0135	 -0.2094	  0.0000
  0.0060	  0.0028	  0.0532	 -0.1903	  0.0000
  0.0064	  0.0028	  0.0602	 -0.2075	  0.0000
  0.0068	  0.0028	  0.0526	 -0.2190	  0.0000
  0.0072	  0.0028	  0.0521	 -0.2027	  1.0000
  0.0076	  0.0028	  0.0572	 -0.2120	  1.0000
  0.0080	  0.0028	  0.0641	 -0.2434	  0.0000
  0.0084	  0.0028	  0.0618	 -0.2354	  1.0000
  0.0088	  0.0028	  0.0606	 -0.2402	  1.0000
  0.0092	  0.0028	  0.0598	 -0.2489	  1.0000
  0.0096	  0.0028	  0.0587	 -0.2570	  1.0000
  0.0100	  0.0028	  0.0567	 -0.2631	  1.0000
  0.0104	  0.0028	  0.0538	 -0.2655	  1.0000
  0.0108	  0.0028	  0.0496	 -0.2677	  1.0000
  0.0112	  0.0028	  0.0450	 -0.2696	  1.0000
  0.0116	  0.0028	  0.0368	 -0.2716	  1.0000
  0.0120	  0.0028	  0.0048	 -0.2754	  1.0000
  0.0124	  0.0028	 -0.0281	 -0.2799	  1.0000
  0.0128	  0.0028	 -0.0572	 -0.2839	  1.0000
  0.0132	  0.0028	 -0.0622	 -0.2865	  1.0000
  0.0136	  0.0028	 -0.0662	 -0.2883	  1.0000
  0.0140	  0.0028	 -0.0704	 -0.2901	  1.0000
  0.0144	  0.0028	 -0.0741	 -0.2912	  0.0000
  0.0148	  0.0028	 -0.0819	 -0.2993	  0.0000
  0.0152	  0.0028	 -0.0733	 -0.2633	  1.0000
  0.0156	  0.0028	 -0.0735	 -0.2392	  1.0000
  0.0160	  0.0028	 -0.0750	 -0.2209	  1.0000
  0.0164	  0.0028	 -0.0705	 -0.2039	  1.0000
  0.0168	  0.0028	 -0.0628	 -0.1902	  1.0000
  0.0172	  0.0028	 -0.0539	 -0.1800	  1.0000
  0.0176	  0.0028	 -0.0480	 -0.1719	  1.0000
  0.0180	  0.0028	 -0.0442	 -0.1661	  1.0000
  0.0184	  0.0028	 -0.0374	 -0.1631	  1.0000
  0.0188	  0.0028	 -0.0265	 -0.1638	  0.0000
  0.0192	  0.0028	 -0.0190	 -0.1935	  0.0000
  0.0196	  0.0028	 -0.0072	 -0.1705	  1.0000
  0.0200	  0.0028	  0.0003	 -0.1593	  1.0000
  0.0204	  0.0028	  0.0067	 -0.1550	  1.0000
  0.0208	  0.0028	  0.0168	 -0.1570	  1.0000
  0.0212	  0.0028	  0.0318	 -0.1794	  0.0000
  0.0216	  0.0028	  0.0274	 -0.1850	  0.0000
  0.0220	  0.0028	  0.0330	 -0.1765	  1.0000
  0.0224	  0.0028	  0.0410	 -0.1907	  1.0000
  0.0228	  0.0028	  0.0477	 -0.2117	  1.0000
  0.0232	  0.0028	  0.0515	 -0.2362	  1.0000
  0.0236	  0.0028	  0.0539	 -0.2585	  1.0000
  0.0240	  0.0028	  0.0582	 -0.2943	  0.0000
  0.0244	  0.0028	  0.0571	 -0.2773	  1.0000
  0.0004	  0.0034	 -0.0571	 -0.2467	  1.0000
  0.0008	  0.0034	 -0.0568	 -0.2464	  0.0000
  0.0012	  0.0034	 -0.0534	 -0.2378	  0.0000
  0.0016	  0.0034	 -0.0511	 -0.2232	  0.0000
  0.0020	  0.0034	 -0.0655	 -0.2208	  0.0000
  0.0024	  0.0034	 -0.0701	 -0.2140	  0.0000
  0.0028	  0.0034	 -0.0652	 -0.2048	  0.0000
  0.0032	  0.0034	 -0.0443	 -0.1929	  0.0000
  0.0036	  0.0034	 -0.0280	 -0.1598	  0.0000
  0.0040	  0.0034	 -0.0242	 -0.1582	  0.0000
  0.0044	  0.0034	 -0.0157	 -0.1474	  0.0000
  0.0048	  0.0034	 -0.0064	 -0.1476	  0.0000
  0.0052	  0.0034	  0.0120	 -0.1529	  0.0000
  0.0056	  0.0034	  0.0166	 -0.1560	  0.0000
  0.0060	  0.0034	  0.0264	 -0.1532	  0.0000
  0.0064	  0.0034	  0.0416	 -0.1582	  0.0000
  0.0068	  0.0034	  0.0414	 -0.1786	  0.0000
  0.0072	  0.0034	  0.0505	 -0.1751	  0.0000
  0.0076	  0.0034	  0.0525	 -0.1779	  0.0000
  0.0080	  0.0034	  0.0644	 -0.2217	  0.0000
  0.0084	  0.0034	  0.0627	 -0.2288	  0.0000
  0.0088	  0.0034	  0.0572	 -0.2335	  1.0000
  0.0092	  0.0034	  0.0585	 -0.2435	  0.0000
  0.0096	  0.0034	  0.0605	 -0.2683	  0.0000
  0.0100	  0.0034	  0.0527	 -0.2647	  0.0000
  0.0104	  0.0034	  0.0482	 -0.2661	  1.0000
  0.0108	  0.0034	  0.0430	 -0.2687	  1.0000
  0.0112	  0.0034	  0.0381	 -0.2709	  1.0000
  0.0116	  0.0034	  0.0320	 -0.2728	  1.0000
  0.0120	  0.0034	  0.0029	 -0.2757	  1.0000
  0.0124	  0.0034	 -0.0261	 -0.2786	  0.0000
  0.0128	  0.0034	 -0.0530	 -0.2812	  0.0000
  0.0132	  0.0034	 -0.0563	 -0.2827	  1.0000
  0.0136	  0.0034	 -0.0596	 -0.2841	  1.0000
  0.0140	  0.0034	 -0.0636	 -0.2855	  0.0000
  0.0144	  0.0034	 -0.0679	 -0.2870	  0.0000
  0.0148	  0.0034	 -0.0741	 -0.2892	  0.0000
  0.0152	  0.0034	 -0.0535	 -0.2361	  0.0000
  0.0156	  0.0034	 -0.0707	 -0.2266	  0.0000
  0.0160	  0.0034	 -0.0872	 -0.2081	  0.0000
  0.0164	  0.0034	 -0.0779	 -0.1985	  0.0000
  0.0168	  0.0034	 -0.0543	 -0.1855	  0.0000
  0.0172	  0.0034	 -0.0593	 -0.1775	  0.0000
  0.0176	  0.0034	 -0.0437	 -0.1734	  0.0000
  0.0180	  0.0034	 -0.0443	 -0.1550	  0.0000
  0.0184	  0.0034	 -0.0650	 -0.1429	  0.0000
  0.0188	  0.0034	 -0.0246	 -0.1365	  0.0000
  0.0192	  0.0034	 -0.0119	 -0.1470	  0.0000
  0.0196	  0.0034	 -0.0007	 -0.1331	  0.0000
  0.0200	  0.0034	  0.0042	 -0.1385	  0.0000
  0.0204	  0.0034	  0.0025	 -0.1372	  0.0000
  0.0208	  0.0034	  0.0026	 -0.1294	  0.0000
  0.0212	  0.0034	  0.0359	 -0.1390	  0.0000
  0.0216	  0.0034	  0.0212	 -0.1434	  0.0000
  0.0220	  0.0034	  0.0306	 -0.1570	  1.0000
  0.0224	  0.0034	  0.0400	 -0.1734	  1.0000
  0.0228	  0.0034	  0.0558	 -0.2034	  0.0000
  0.0232	  0.0034	  0.0541	 -0.2239	  0.0000
  0.0236	  0.0034	  0.0448	 -0.2539	  0.0000
  0.0240	  0.0034	  0.0573	 -0.2601	  0.0000
  0.0244	  0.0034	  0.0552	 -0.2624	  1.0000
  0.0004	  0.0039	 -0.0552	 -0.2324	  1.0000
  0.0008	  0.0039	 -0.0583	 -0.2396	  0.0000
  0.0012	  0.0039	 -0.0569	 -0.2217	  0.0000
  0.0016	  0.0039	 -0.0608	 -0.2089	  0.0000
  0.0020	  0.0039	 -0.0583	 -0.1844	  1.0000
  0.0024	  0.0039	 -0.0555	 -0.1744	  0.0000
  0.0028	  0.0039	 -0.0427	 -0.1429	  0.0000
  0.0032	  0.0039	 -0.0292	 -0.1278	  0.0000
  0.0036	  0.0039	 -0.0337	 -0.1164	  0.0000
  0.0040	  0.0039	 -0.0227	 -0.1081	  0.0000
  0.0044	  0.0039	 -0.0104	 -0.1072	  0.0000
  0.0048	  0.0039	 -0.0096	 -0.1137	  0.0000
  0.0052	  0.0039	  0.0040	 -0.1049	  0.0000
  0.0056	  0.0039	  0.0093	 -0.1127	  0.0000
  0.0060	  0.0039	  0.0243	 -0.1210	  0.0000
  0.0064	  0.0039	  0.0365	 -0.1147	  0.0000
  0.0068	  0.0039	  0.0405	 -0.1290	  0.0000
  0.0072	  0.0039	  0.0461	 -0.1500	  0.0000
  0.0076	  0.0039	  0.0514	 -0.1621	  0.0000
  0.0080	  0.0039	  0.0479	 -0.2032	  0.0000
  0.0084	  0.0039	  0.0482	 -0.2112	  0.0000
  0.0088	  0.0039	  0.0493	 -0.2170	  0.0000
  0.0092	  0.0039	  0.0566	 -0.2427	  0.0000
  0.0096	  0.0039	  0.0528	 -0.2677	  0.0000
  0.0100	  0.0039	  0.0468	 -0.2625	  0.0000
  0.0104	  0.0039	  0.0407	 -0.2668	  1.0000
  0.0108	  0.0039	  0.0352	 -0.2705	  1.0000
  0.0112	  0.0039	  0.0297	 -0.2733	  0.0000
  0.0116	  0.0039	  0.0231	 -0.2761	  0.0000
  0.0120	  0.0039	 -0.0017	 -0.2786	  0.0000
  0.0124	  0.0039	 -0.0256	 -0.2799	  0.0000
  0.0128	  0.0039	 -0.0473	 -0.2798	  0.0000
  0.0132	  0.0039	 -0.0498	 -0.2794	  0.0000
  0.0136	  0.0039	 -0.0525	 -0.2798	  0.0000
  0.0140	  0.0039	 -0.0560	 -0.2813	  0.0000
  0.0144	  0.0039	 -0.0586	 -0.2798	  0.0000
  0.0148	  0.0039	 -0.0630	 -0.2786	  0.0000
  0.0152	  0.0039	 -0.0452	 -0.2330	  0.0000
  0.0156	  0.0039	 -0.0516	 -0.2078	  0.0000
  0.0160	  0.0039	 -0.0353	 -0.1790	  0.0000
  0.0164	  0.0039	 -0.0441	 -0.1767	  0.0000
  0.0168	  0.0039	 -0.0641	 -0.1661	  0.0000
  0.0172	  0.0039	 -0.0641	 -0.1394	  0.0000
  0.0176	  0.0039	 -0.0588	 -0.1238	  0.0000
  0.0180	  0.0039	 -0.0610	 -0.1230	  0.0000
  0.0184	  0.0039	  0.0015	 -0.1062	  0.0000
  0.0188	  0.0039	 -0.0049	 -0.0952	  0.0000
  0.0192	  0.0039	 -0.0103	 -0.1028	  1.0000
  0.0196	  0.0039	 -0.0040	 -0.1037	  1.0000
  0.0200	  0.0039	  0.0037	 -0.1021	  1.0000
  0.0204	  0.0039	  0.0215	 -0.0968	  0.0000
  0.0208	  0.0039	  0.0127	 -0.1006	  0.0000
  0.0212	  0.0039	  0.0361	 -0.1030	  0.0000
  0.0216	  0.0039	  0.0182	 -0.1047	  0.0000
  0.0220	  0.0039	  0.0255	 -0.1326	  1.0000
  0.0224	  0.0039	  0.0376	 -0.1521	  0.0000
  0.0228	  0.0039	  0.0482	 -0.1668	  0.0000
  0.0232	  0.0039	  0.0458	 -0.1782	  0.0000
  0.0236	  0.0039	  0.0558	 -0.2306	  0.0000
  0.0240	  0.0039	  0.0541	 -0.2402	  0.0000
  0.0244	  0.0039	  0.0490	 -0.2396	  1.0000
  0.0004	  0.0045	 -0.0513	 -0.2172	  1.0000
  0.0008	  0.0045	 -0.0523	 -0.2128	  0.0000
  0.0012	  0.0045	 -0.0505	 -0.1916	  0.0000
  0.0016	  0.0045	 -0.0541	 -0.1677	  0.0000
  0.0020	  0.0045	 -0.0571	 -0.1398	  0.0000
  0.0024	  0.0045	 -0.0519	 -0.1265	  0.0000
  0.0028	  0.0045	 -0.0348	 -0.1214	  0.0000
  0.0032	  0.0045	 -0.0229	 -0.0932	  0.0000
  0.0036	  0.0045	 -0.0317	 -0.0906	  0.0000
  0.0040	  0.0045	 -0.0223	 -0.0840	  0.0000
  0.0044	  0.0045	 -0.0100	 -0.0783	  0.0000
  0.0048	  0.0045	 -0.0046	 -0.0675	  0.0000
  0.0052	  0.0045	  0.0041	 -0.0668	  0.0000
  0.0056	  0.0045	  0.0032	 -0.0733	  0.0000
  0.0060	  0.0045	  0.0229	 -0.0783	  0.0000
  0.0064	  0.0045	  0.0346	 -0.0969	  0.0000
  0.0068	  0.0045	  0.0315	 -0.1090	  0.0000
  0.0072	  0.0045	  0.0406	 -0.1222	  0.0000
  0.0076	  0.0045	  0.0445	 -0.1325	  0.0000
  0.0080	  0.0045	  0.0358	 -0.1695	  0.0000
  0.0084	  0.0045	  0.0517	 -0.1896	  0.0000
  0.0088	  0.0045	  0.0510	 -0.2010	  0.0000
  0.0092	  0.0045	  0.0447	 -0.2151	  0.0000
  0.0096	  0.0045	  0.0485	 -0.2370	  0.0000
  0.0100	  0.0045	  0.0367	 -0.2601	  1.0000
  0.0104	  0.0045	  0.0317	 -0.2697	  0.0000
  0.0108	  0.0045	  0.0261	 -0.2735	  0.0000
  0.0112	  0.0045	  0.0197	 -0.2768	  0.0000
  0.0116	  0.0045	  0.0116	 -0.2806	  0.0000
  0.0120	  0.0045	 -0.0075	 -0.2829	  0.0000
  0.0124	  0.0045	 -0.0248	 -0.2824	  0.0000
  0.0128	  0.0045	 -0.0393	 -0.2793	  0.0000
  0.0132	  0.0045	 -0.0413	 -0.2764	  1.0000
  0.0136	  0.0045	 -0.0435	 -0.2754	  0.0000
  0.0140	  0.0045	 -0.0473	 -0.2760	  0.0000
  0.0144	  0.0045	 -0.0526	 -0.2822	  0.0000
  0.0148	  0.0045	 -0.0430	 -0.2582	  0.0000
  0.0152	  0.0045	 -0.0411	 -0.2329	  0.0000
  0.0156	  0.0045	 -0.0504	 -0.1982	  0.0000
  0.0160	  0.0045	 -0.0470	 -0.1759	  1.0000
  0.0164	  0.0045	 -0.0480	 -0.1575	  0.0000
  0.0168	  0.0045	 -0.0650	 -0.1438	  0.0000
  0.0172	  0.0045	 -0.0271	 -0.1067	  0.0000
  0.0176	  0.0045	 -0.0243	 -0.0867	  0.0000
  0.0180	  0.0045	 -0.0315	 -0.0881	  0.0000
  0.0184	  0.0045	 -0.0260	 -0.0741	  0.0000
  0.0188	  0.0045	 -0.0160	 -0.0750	  0.0000
  0.0192	  0.0045	 -0.0121	 -0.0699	  0.0000
  0.0196	  0.0045	 -0.0080	 -0.0618	  0.0000
  0.0200	  0.0045	  0.0031	 -0.0745	  1.0000
  0.0204	  0.0045	  0.0106	 -0.0709	  0.0000
  0.0208	  0.0045	  0.0113	 -0.0802	  0.0000
  0.0212	  0.0045	  0.0357	 -0.0842	  0.0000
  0.0216	  0.0045	  0.0111	 -0.0916	  0.0000
  0.0220	  0.0045	  0.0209	 -0.1123	  1.0000
  0.0224	  0.0045	  0.0240	 -0.1275	  0.0000
  0.0228	  0.0045	  0.0455	 -0.1601	  0.0000
  0.0232	  0.0045	  0.0470	 -0.1721	  0.0000
  0.0236	  0.0045	  0.0452	 -0.2054	  0.0000
  0.0240	  0.0045	  0.0407	 -0.2128	  0.0000
  0.0244	  0.0045	  0.0377	 -0.2223	  1.0000
  0.0004	  0.0050	 -0.0428	 -0.2060	  1.0000
  0.0008	  0.0050	 -0.0479	 -0.1957	  0.0000
  0.0012	  0.0050	 -0.0492	 -0.1684	  0.0000
  0.0016	  0.0050	 -0.0491	 -0.1480	  0.0000
  0.0020	  0.0050	 -0.0507	 -0.1267	  0.0000
  0.0024	  0.0050	 -0.0421	 -0.1129	  0.0000
  0.0028	  0.0050	 -0.0299	 -0.0917	  0.0000
  0.0032	  0.0050	 -0.0226	 -0.0640	  0.0000
  0.0036	  0.0050	 -0.0178	 -0.0560	  0.0000
  0.0040	  0.0050	 -0.0164	 -0.0541	  0.0000
  0.0044	  0.0050	 -0.0099	 -0.0516	  0.0000
  0.0048	  0.0050	 -0.0004	 -0.0498	  0.0000
  0.0052	  0.0050	 -0.0008	 -0.0534	  0.0000
  0.0056	  0.0050	  0.0033	 -0.0515	  0.0000
  0.0060	  0.0050	  0.0199	 -0.0571	  0.0000
  0.0064	  0.0050	  0.0279	 -0.0726	  0.0000
  0.0068	  0.0050	  0.0188	 -0.0772	  0.0000
  0.0072	  0.0050	  0.0288	 -0.1089	  0.0000
  0.0076	  0.0050	  0.0308	 -0.1249	  0.0000
  0.0080	  0.0050	  0.0256	 -0.1433	  0.0000
  0.0084	  0.0050	  0.0453	 -0.1746	  0.0000
  0.0088	  0.0050	  0.0423	 -0.1878	  0.0000
  0.0092	  0.0050	  0.0302	 -0.2121	  0.0000
  0.0096	  0.0050	  0.0238	 -0.2290	  0.0000
  0.0100	  0.0050	  0.0264	 -0.2735	  0.0000
  0.0104	  0.0050	  0.0213	 -0.2752	  0.0000
  0.0108	  0.0050	  0.0150	 -0.2773	  0.0000
  0.0112	  0.0050	  0.0072	 -0.2812	  0.0000
  0.0116	  0.0050	 -0.0022	 -0.2859	  0.0000
  0.0120	  0.0050	 -0.0146	 -0.2883	  0.0000
  0.0124	  0.0050	 -0.0239	 -0.2860	  0.0000
  0.0128	  0.0050	 -0.0301	 -0.2799	  1.0000
  0.0132	  0.0050	 -0.0312	 -0.2741	  0.0000
  0.0136	  0.0050	 -0.0325	 -0.2709	  1.0000
  0.0140	  0.0050	 -0.0348	 -0.2705	  0.0000
  0.0144	  0.0050	 -0.0462	 -0.2693	  0.0000
  0.0148	  0.0050	 -0.0292	 -0.2351	  0.0000
  0.0152	  0.0050	 -0.0436	 -0.2087	  0.0000
  0.0156	  0.0050	 -0.0418	 -0.1876	  1.0000
  0.0160	  0.0050	 -0.0496	 -0.1640	  0.0000
  0.0164	  0.0050	 -0.0552	 -0.1360	  0.0000
  0.0168	  0.0050	 -0.0553	 -0.1207	  0.0000
  0.0172	  0.0050	 -0.0198	 -0.0827	  0.0000
  0.0176	  0.0050	 -0.0272	 -0.0801	  0.0000
  0.0180	  0.0050	 -0.0332	 -0.0758	  0.0000
  0.0184	  0.0050	 -0.0471	 -0.0698	  0.0000
  0.0188	  0.0050	 -0.0348	 -0.0623	  0.0000
  0.0192	  0.0050	 -0.0191	 -0.0459	  0.0000
  0.0196	  0.0050	 -0.0019	 -0.0489	  1.0000
  0.0200	  0.0050	  0.0012	 -0.0528	  1.0000
  0.0204	  0.0050	  0.0013	 -0.0595	  1.0000
  0.0208	  0.0050	  0.0076	 -0.0635	  0.0000
  0.0212	  0.0050	  0.0045	 -0.0738	  1.0000
  0.0216	  0.0050	 -0.0044	 -0.0772	  0.0000
  0.0220	  0.0050	  0.0241	 -0.0979	  0.0000
  0.0224	  0.0050	  0.0312	 -0.1151	  0.0000
  0.0228	  0.0050	  0.0251	 -0.1411	  1.0000
  0.0232	  0.0050	  0.0156	 -0.1603	  0.0000
  0.0236	  0.0050	  0.0291	 -0.1830	  0.0000
  0.0240	  0.0050	  0.0244	 -0.2052	  0.0000
  0.0244	  0.0050	  0.0204	 -0.2136	  1.0000
  0.0004	  0.0056	 -0.0317	 -0.1989	  1.0000
  0.0008	  0.0056	 -0.0308	 -0.2057	  0.0000
  0.0012	  0.0056	 -0.0439	 -0.1827	  0.0000
  0.0016	  0.0056	 -0.0432	 -0.1301	  0.0000
  0.0020	  0.0056	 -0.0427	 -0.1054	  0.0000
  0.0024	  0.0056	 -0.0299	 -0.0840	  0.0000
  0.0028	  0.0056	 -0.0197	 -0.0694	  0.0000
  0.0032	  0.0056	 -0.0137	 -0.0617	  0.0000
  0.0036	  0.0056	 -0.0143	 -0.0475	  0.0000
  0.0040	  0.0056	 -0.0166	 -0.0382	  0.0000
  0.0044	  0.0056	  0.0028	 -0.0302	  0.0000
  0.0048	  0.0056	  0.0210	 -0.0280	  0.0000
  0.0052	  0.0056	 -0.0054	 -0.0351	  0.0000
  0.0056	  0.0056	 -0.0073	 -0.0309	  0.0000
  0.0060	  0.0056	  0.0005	 -0.0285	  0.0000
  0.0064	  0.0056	  0.0208	 -0.0536	  0.0000
  0.0068	  0.0056	  0.0103	 -0.0605	  0.0000
  0.0072	  0.0056	  0.0034	 -0.0728	  0.0000
  0.0076	  0.0056	  0.0064	 -0.1040	  0.0000
  0.0080	  0.0056	  0.0072	 -0.1279	  0.0000
  0.0084	  0.0056	  0.0153	 -0.1328	  0.0000
  0.0088	  0.0056	  0.0351	 -0.1428	  0.0000
  0.0092	  0.0056	  0.0294	 -0.2040	  0.0000
  0.0096	  0.0056	  0.0248	 -0.2304	  0.0000
  0.0100	  0.0056	  0.0178	 -0.2897	  0.0000
  0.0104	  0.0056	  0.0097	 -0.2786	  0.0000
  0.0108	  0.0056	  0.0031	 -0.2802	  0.0000
  0.0112	  0.0056	 -0.0042	 -0.2848	  0.0000
  0.0116	  0.0056	 -0.0113	 -0.2893	  0.0000
  0.0120	  0.0056	 -0.0176	 -0.2908	  0.0000
  0.0124	  0.0056	 -0.0206	 -0.2873	  0.0000
  0.0128	  0.0056	 -0.0216	 -0.2798	  1.0000
  0.0132	  0.0056	 -0.0209	 -0.2721	  1.0000
  0.0136	  0.0056	 -0.0204	 -0.2670	  1.0000
  0.0140	  0.0056	 -0.0195	 -0.2640	  1.0000
  0.0144	  0.0056	 -0.0159	 -0.2629	  0.0000
  0.0148	  0.0056	 -0.0163	 -0.2204	  0.0000
  0.0152	  0.0056	 -0.0269	 -0.1982	  1.0000
  0.0156	  0.0056	 -0.0355	 -0.1769	  0.0000
  0.0160	  0.0056	 -0.0404	 -0.1463	  0.0000
  0.0164	  0.0056	 -0.0475	 -0.1257	  0.0000
  0.0168	  0.0056	 -0.0164	 -0.0856	  0.0000
  0.0172	  0.0056	 -0.0203	 -0.0654	  0.0000
  0.0176	  0.0056	 -0.0325	 -0.0694	  0.0000
  0.0180	  0.0056	 -0.0381	 -0.0660	  0.0000
  0.0184	  0.0056	 -0.0092	 -0.0457	  0.0000
  0.0188	  0.0056	  0.0163	 -0.0346	  0.0000
  0.0192	  0.0056	  0.0090	 -0.0255	  0.0000
  0.0196	  0.0056	  0.0112	 -0.0240	  0.0000
  0.0200	  0.0056	 -0.0002	 -0.0374	  1.0000
  0.0204	  0.0056	 -0.0066	 -0.0459	  1.0000
  0.0208	  0.0056	 -0.0170	 -0.0512	  0.0000
  0.0212	  0.0056	 -0.0119	 -0.0669	  0.0000
  0.0216	  0.0056	  0.0034	 -0.0756	  0.0000
  0.0220	  0.0056	  0.0055	 -0.0791	  0.0000
  0.0224	  0.0056	  0.0118	 -0.1089	  1.0000
  0.0228	  0.0056	  0.0142	 -0.1292	  0.0000
  0.0232	  0.0056	  0.0114	 -0.1558	  1.0000
  0.0236	  0.0056	  0.0091	 -0.1816	  1.0000
  0.0240	  0.0056	 -0.0073	 -0.2190	  0.0000
  0.0244	  0.0056	  0.0067	 -0.2085	  1.0000
  0.0004	  0.0062	 -0.0199	 -0.1928	  1.0000
  0.0008	  0.0062	 -0.0170	 -0.1946	  0.0000
  0.0012	  0.0062	 -0.0223	 -0.1679	  0.0000
  0.0016	  0.0062	 -0.0099	 -0.1490	  0.0000
  0.0020	  0.0062	 -0.0109	 -0.1244	  0.0000
  0.0024	  0.0062	 -0.0113	 -0.0786	  0.0000
  0.0028	  0.0062	 -0.0135	 -0.0622	  0.0000
  0.0032	  0.0062	 -0.0090	 -0.0426	  0.0000
  0.0036	  0.0062	 -0.0122	 -0.0369	  0.0000
  0.0040	  0.0062	 -0.0009	 -0.0211	  0.0000
  0.0044	  0.0062	 -0.0034	 -0.0196	  0.0000
  0.0048	  0.0062	  0.0197	 -0.0223	  0.0000
  0.0052	  0.0062	 -0.0047	 -0.0210	  0.0000
  0.0056	  0.0062	 -0.0116	 -0.0221	  0.0000
  0.0060	  0.0062	 -0.0029	 -0.0253	  0.0000
  0.0064	  0.0062	  0.0074	 -0.0413	  0.0000
  0.0068	  0.0062	 -0.0020	 -0.0537	  0.0000
  0.0072	  0.0062	  0.0068	 -0.0710	  0.0000
  0.0076	  0.0062	 -0.0029	 -0.0983	  0.0000
  0.0080	  0.0062	 -0.0021	 -0.1253	  0.0000
  0.0084	  0.0062	  0.0048	 -0.1633	  0.0000
  0.0088	  0.0062	  0.0026	 -0.2135	  0.0000
  0.0092	  0.0062	  0.0133	 -0.1969	  0.0000
  0.0096	  0.0062	  0.0145	 -0.2162	  0.0000
  0.0100	  0.0062	  0.0038	 -0.2757	  0.0000
  0.0104	  0.0062	 -0.0027	 -0.2761	  0.0000
  0.0108	  0.0062	 -0.0086	 -0.2811	  0.0000
  0.0112	  0.0062	 -0.0136	 -0.2873	  0.0000
  0.0116	  0.0062	 -0.0168	 -0.2916	  0.0000
  0.0120	  0.0062	 -0.0179	 -0.2920	  0.0000
  0.0124	  0.0062	 -0.0168	 -0.2876	  1.0000
  0.0128	  0.0062	 -0.0149	 -0.2795	  1.0000
  0.0132	  0.0062	 -0.0127	 -0.2706	  0.0000
  0.0136	  0.0062	 -0.0102	 -0.2634	  0.0000
  0.0140	  0.0062	 -0.0052	 -0.2596	  0.0000
  0.0144	  0.0062	  0.0069	 -0.2530	  0.0000
  0.0148	  0.0062	 -0.0127	 -0.1999	  0.0000
  0.0152	  0.0062	 -0.0208	 -0.1859	  0.0000
  0.0156	  0.0062	 -0.0158	 -0.1713	  0.0000
  0.0160	  0.0062	 -0.0171	 -0.1368	  0.0000
  0.0164	  0.0062	 -0.0154	 -0.1178	  0.0000
  0.0168	  0.0062	  0.0025	 -0.0794	  0.0000
  0.0172	  0.0062	 -0.0086	 -0.0706	  0.0000
  0.0176	  0.0062	 -0.0148	 -0.0604	  1.0000
  0.0180	  0.0062	 -0.0122	 -0.0491	  1.0000
  0.0184	  0.0062	 -0.0026	 -0.0370	  1.0000
  0.0188	  0.0062	  0.0032	 -0.0283	  1.0000
  0.0192	  0.0062	  0.0041	 -0.0221	  1.0000
  0.0196	  0.0062	  0.0011	 -0.0067	  0.0000
  0.0200	  0.0062	 -0.0000	 -0.0266	  1.0000
  0.0204	  0.0062	 -0.0084	 -0.0358	  1.0000
  0.0208	  0.0062	 -0.0377	 -0.0418	  0.0000
  0.0212	  0.0062	 -0.0178	 -0.0659	  0.0000
  0.0216	  0.0062	 -0.0072	 -0.0751	  0.0000
  0.0220	  0.0062	 -0.0013	 -0.0791	  0.0000
  0.0224	  0.0062	 -0.0017	 -0.1022	  1.0000
  0.0228	  0.0062	 -0.0028	 -0.1272	  0.0000
  0.0232	  0.0062	 -0.0052	 -0.1440	  0.0000
  0.0236	  0.0062	  0.0063	 -0.1797	  0.0000
  0.0240	  0.0062	 -0.0017	 -0.2055	  0.0000
  0.0244	  0.0062	 -0.0030	 -0.1974	  1.0000
  0.0004	  0.0067	 -0.0060	 -0.1873	  1.0000
  0.0008	  0.0067	 -0.0141	 -0.1772	  0.0000
  0.0012	  0.0067	 -0.0045	 -0.1456	  0.0000
  0.0016	  0.0067	  0.0085	 -0.1283	  0.0000
  0.0020	  0.0067	  0.0118	 -0.1051	  0.0000
  0.0024	  0.0067	  0.0143	 -0.0994	  0.0000
  0.0028	  0.0067	  0.0054	 -0.0861	  0.0000
  0.0032	  0.0067	 -0.0075	 -0.0406	  0.0000
  0.0036	  0.0067	 -0.0090	 -0.0321	  0.0000
  0.0040	  0.0067	  0.0043	 -0.0211	  0.0000
  0.0044	  0.0067	  0.0036	 -0.0231	  0.0000
  0.0048	  0.0067	  0.0020	 -0.0184	  0.0000
  0.0052	  0.0067	 -0.0019	 -0.0107	  0.0000
  0.0056	  0.0067	 -0.0038	 -0.0151	  0.0000
  0.0060	  0.0067	  0.0013	 -0.0256	  0.0000
  0.0064	  0.0067	  0.0025	 -0.0314	  0.0000
  0.0068	  0.0067	 -0.0174	 -0.0507	  0.0000
  0.0072	  0.0067	  0.0057	 -0.0766	  0.0000
  0.0076	  0.0067	 -0.0141	 -0.0911	  0.0000
  0.0080	  0.0067	 -0.0429	 -0.1167	  0.0000
  0.0084	  0.0067	 -0.0043	 -0.1500	  0.0000
  0.0088	  0.0067	  0.0011	 -0.1664	  0.0000
  0.0092	  0.0067	  0.0027	 -0.2084	  0.0000
  0.0096	  0.0067	  0.0062	 -0.2231	  0.0000
  0.0100	  0.0067	 -0.0106	 -0.2536	  0.0000
  0.0104	  0.0067	 -0.0162	 -0.2680	  0.0000
  0.0108	  0.0067	 -0.0193	 -0.2814	  0.0000
  0.0112	  0.0067	 -0.0207	 -0.2903	  0.0000
  0.0116	  0.0067	 -0.0186	 -0.2936	  0.0000
  0.0120	  0.0067	 -0.0155	 -0.2923	  0.0000
  0.0124	  0.0067	 -0.0128	 -0.2873	  1.0000
  0.0128	  0.0067	 -0.0103	 -0.2791	  0.0000
  0.0132	  0.0067	 -0.0077	 -0.2696	  1.0000
  0.0136	  0.0067	 -0.0040	 -0.2604	  0.0000
  0.0140	  0.0067	  0.0025	 -0.2521	  1.0000
  0.0144	  0.0067	  0.0153	 -0.2584	  0.0000
  0.0148	  0.0067	  0.0134	 -0.2038	  0.0000
  0.0152	  0.0067	  0.0022	 -0.1876	  0.0000
  0.0156	  0.0067	  0.0077	 -0.1715	  0.0000
  0.0160	  0.0067	  0.0092	 -0.1328	  1.0000
  0.0164	  0.0067	  0.0104	 -0.1051	  1.0000
  0.0168	  0.0067	  0.0093	 -0.0828	  0.0000
  0.0172	  0.0067	  0.0052	 -0.0697	  0.0000
  0.0176	  0.0067	 -0.0059	 -0.0618	  0.0000
  0.0180	  0.0067	 -0.0060	 -0.0307	  0.0000
  0.0184	  0.0067	  0.0113	 -0.0222	  0.0000
  0.0188	  0.0067	  0.0140	 -0.0198	  0.0000
  0.0192	  0.0067	 -0.0173	 -0.0191	  0.0000
  0.0196	  0.0067	 -0.0043	 -0.0189	  0.0000
  0.0200	  0.0067	 -0.0034	 -0.0196	  1.0000
  0.0204	  0.0067	  0.0106	 -0.0249	  0.0000
  0.0208	  0.0067	 -0.0126	 -0.0399	  1.0000
  0.0212	  0.0067	 -0.0183	 -0.0544	  1.0000
  0.0216	  0.0067	 -0.0202	 -0.0704	  0.0000
  0.0220	  0.0067	 -0.0143	 -0.0787	  0.0000
  0.0224	  0.0067	 -0.0135	 -0.0983	  1.0000
  0.0228	  0.0067	 -0.0132	 -0.1170	  1.0000
  0.0232	  0.0067	 -0.0107	 -0.1371	  1.0000
  0.0236	  0.0067	 -0.0054	 -0.1554	  0.0000
  0.0240	  0.0067	 -0.0070	 -0.1713	  1.0000
  0.0244	  0.0067	 -0.0076	 -0.1778	  1.0000
  0.0004	  0.0073	  0.0117	 -0.1783	  1.0000
  0.0008	  0.0073	  0.0092	 -0.1937	  0.0000
  0.0012	  0.0073	  0.0037	 -0.1386	  0.0000
  0.0016	  0.0073	  0.0188	 -0.1055	  0.0000
  0.0020	  0.0073	  0.0159	 -0.0877	  0.0000
  0.0024	  0.0073	  0.0148	 -0.0806	  0.0000
  0.0028	  0.0073	  0.0113	 -0.0719	  0.0000
  0.0032	  0.0073	  0.0080	 -0.0457	  1.0000
  0.0036	  0.0073	  0.0129	 -0.0197	  0.0000
  0.0040	  0.0073	  0.0081	 -0.0135	  0.0000
  0.0044	  0.0073	  0.0020	 -0.0137	  0.0000
  0.0048	  0.0073	 -0.0046	 -0.0073	  0.0000
  0.0052	  0.0073	 -0.0039	 -0.0113	  0.0000
  0.0056	  0.0073	 -0.0007	 -0.0185	  0.0000
  0.0060	  0.0073	  0.0023	 -0.0221	  0.0000
  0.0064	  0.0073	 -0.0036	 -0.0268	  0.0000
  0.0068	  0.0073	 -0.0281	 -0.0474	  0.0000
  0.0072	  0.0073	 -0.0179	 -0.0678	  0.0000
  0.0076	  0.0073	 -0.0210	 -0.0859	  0.0000
  0.0080	  0.0073	 -0.0357	 -0.1171	  0.0000
  0.0084	  0.0073	 -0.0001	 -0.1308	  0.0000
  0.0088	  0.0073	 -0.0026	 -0.1468	  0.0000
  0.0092	  0.0073	 -0.0334	 -0.1871	  0.0000
  0.0096	  0.0073	 -0.0276	 -0.2029	  0.0000
  0.0100	  0.0073	 -0.0313	 -0.2285	  0.0000
  0.0104	  0.0073	 -0.0226	 -0.2590	  1.0000
  0.0108	  0.0073	 -0.0365	 -0.2886	  0.0000
  0.0112	  0.0073	 -0.0288	 -0.2992	  0.0000
  0.0116	  0.0073	 -0.0163	 -0.2948	  0.0000
  0.0120	  0.0073	 -0.0117	 -0.2936	  0.0000
  0.0124	  0.0073	 -0.0089	 -0.2879	  1.0000
  0.0128	  0.0073	 -0.0085	 -0.2793	  0.0000
  0.0132	  0.0073	 -0.0063	 -0.2692	  1.0000
  0.0136	  0.0073	 -0.0022	 -0.2578	  1.0000
  0.0140	  0.0073	  0.0046	 -0.2453	  1.0000
  0.0144	  0.0073	  0.0115	 -0.2214	  0.0000
  0.0148	  0.0073	  0.0138	 -0.2022	  1.0000
  0.0152	  0.0073	  0.0162	 -0.1766	  1.0000
  0.0156	  0.0073	  0.0260	 -0.1552	  0.0000
  0.0160	  0.0073	  0.0506	 -0.1064	  0.0000
  0.0164	  0.0073	  0.0269	 -0.0986	  1.0000
  0.0168	  0.0073	  0.0175	 -0.0861	  0.0000
  0.0172	  0.0073	  0.0203	 -0.0685	  0.0000
  0.0176	  0.0073	  0.0138	 -0.0506	  0.0000
  0.0180	  0.0073	  0.0066	 -0.0376	  1.0000
  0.0184	  0.0073	  0.0069	 -0.0210	  0.0000
  0.0188	  0.0073	 -0.0028	 -0.0208	  1.0000
  0.0192	  0.0073	 -0.0312	 -0.0163	  0.0000
  0.0196	  0.0073	 -0.0139	 -0.0135	  0.0000
  0.0200	  0.0073	 -0.0091	 -0.0189	  0.0000
  0.0204	  0.0073	 -0.0031	 -0.0122	  0.0000
  0.0208	  0.0073	 -0.0095	 -0.0356	  1.0000
  0.0212	  0.0073	 -0.0172	 -0.0500	  1.0000
  0.0216	  0.0073	 -0.0241	 -0.0575	  0.0000
  0.0220	  0.0073	 -0.0241	 -0.0787	  1.0000
  0.0224	  0.0073	 -0.0249	 -0.0938	  1.0000
  0.0228	  0.0073	 -0.0247	 -0.1093	  1.0000
  0.0232	  0.0073	 -0.0217	 -0.1244	  1.0000
  0.0236	  0.0073	 -0.0183	 -0.1395	  1.0000
  0.0240	  0.0073	 -0.0154	 -0.1513	  1.0000
  0.0244	  0.0073	 -0.0143	 -0.1569	  1.0000
  0.0004	  0.0078	  0.0282	 -0.1691	  1.0000
  0.0008	  0.0078	  0.0410	 -0.1642	  0.0000
  0.0012	  0.0078	  0.0349	 -0.1228	  0.0000
  0.0016	  0.0078	  0.0379	 -0.1092	  0.0000
  0.0020	  0.0078	  0.0201	 -0.0837	  0.0000
  0.0024	  0.0078	  0.0103	 -0.0535	  0.0000
  0.0028	  0.0078	  0.0167	 -0.0432	  0.0000
  0.0032	  0.0078	  0.0181	 -0.0416	  1.0000
  0.0036	  0.0078	  0.0163	 -0.0299	  1.0000
  0.0040	  0.0078	  0.0083	 -0.0140	  0.0000
  0.0044	  0.0078	  0.0045	 -0.0154	  1.0000
  0.0048	  0.0078	 -0.0071	 -0.0023	  0.0000
  0.0052	  0.0078	 -0.0056	 -0.0112	  0.0000
  0.0056	  0.0078	 -0.0069	 -0.0178	  0.0000
  0.0060	  0.0078	 -0.0122	 -0.0350	  0.0000
  0.0064	  0.0078	 -0.0135	 -0.0360	  0.0000
  0.0068	  0.0078	 -0.0196	 -0.0467	  1.0000
  0.0072	  0.0078	 -0.0283	 -0.0589	  0.0000
  0.0076	  0.0078	 -0.0197	 -0.0645	  0.0000
  0.0080	  0.0078	 -0.0419	 -0.0807	  0.0000
  0.0084	  0.0078	 -0.0318	 -0.1173	  1.0000
  0.0088	  0.0078	 -0.0294	 -0.1463	  1.0000
  0.0092	  0.0078	 -0.0314	 -0.1735	  1.0000
  0.0096	  0.0078	 -0.0425	 -0.1962	  0.0000
  0.0100	  0.0078	 -0.0415	 -0.2266	  0.0000
  0.0104	  0.0078	 -0.0058	 -0.2566	  0.0000
  0.0108	  0.0078	 -0.0181	 -0.2683	  1.0000
  0.0112	  0.0078	 -0.0189	 -0.2859	  1.0000
  0.0116	  0.0078	 -0.0133	 -0.2998	  0.0000
  0.0120	  0.0078	  0.0002	 -0.2990	  0.0000
  0.0124	  0.0078	 -0.0069	 -0.2881	  1.0000
  0.0128	  0.0078	 -0.0075	 -0.2795	  1.0000
  0.0132	  0.0078	 -0.0111	 -0.2711	  0.0000
  0.0136	  0.0078	 -0.0021	 -0.2559	  1.0000
  0.0140	  0.0078	  0.0042	 -0.2386	  1.0000
  0.0144	  0.0078	  0.0105	 -0.2175	  1.0000
  0.0148	  0.0078	  0.0167	 -0.1918	  1.0000
  0.0152	  0.0078	  0.0240	 -0.1626	  1.0000
  0.0156	  0.0078	  0.0246	 -0.1401	  0.0000
  0.0160	  0.0078	  0.0488	 -0.1068	  0.0000
  0.0164	  0.0078	  0.0369	 -0.0927	  0.0000
  0.0168	  0.0078	  0.0323	 -0.0760	  0.0000
  0.0172	  0.0078	  0.0301	 -0.0578	  0.0000
  0.0176	  0.0078	  0.0173	 -0.0486	  1.0000
  0.0180	  0.0078	  0.0106	 -0.0376	  1.0000
  0.0184	  0.0078	  0.0043	 -0.0284	  1.0000
  0.0188	  0.0078	 -0.0031	 -0.0216	  1.0000
  0.0192	  0.0078	 -0.0066	 -0.0186	  1.0000
  0.0196	  0.0078	  0.0012	 -0.0193	  0.0000
  0.0200	  0.0078	 -0.0057	 -0.0186	  1.0000
  0.0204	  0.0078	 -0.0076	 -0.0244	  1.0000
  0.0208	  0.0078	 -0.0114	 -0.0341	  1.0000
  0.0212	  0.0078	 -0.0176	 -0.0477	  1.0000
  0.0216	  0.0078	 -0.0238	 -0.0620	  1.0000
  0.0220	  0.0078	 -0.0297	 -0.0762	  1.0000
  0.0224	  0.0078	 -0.0411	 -0.0920	  0.0000
  0.0228	  0.0078	 -0.0368	 -0.1000	  1.0000
  0.0232	  0.0078	 -0.0340	 -0.1124	  1.0000
  0.0236	  0.0078	 -0.0281	 -0.1264	  1.0000
  0.0240	  0.0078	 -0.0229	 -0.1373	  1.0000
  0.0244	  0.0078	 -0.0208	 -0.1420	  1.0000
  0.0004	  0.0084	  0.0371	 -0.1606	  1.0000
  0.0008	  0.0084	  0.0417	 -0.1485	  1.0000
  0.0012	  0.0084	  0.0671	 -0.1253	  0.0000
  0.0016	  0.0084	  0.0371	 -0.1117	  0.0000
  0.0020	  0.0084	  0.0360	 -0.0874	  0.0000
  0.0024	  0.0084	  0.0415	 -0.0706	  0.0000
  0.0028	  0.0084	  0.0217	 -0.0497	  1.0000
  0.0032	  0.0084	  0.0218	 -0.0395	  1.0000
  0.0036	  0.0084	  0.0359	 -0.0330	  0.0000
  0.0040	  0.0084	  0.0171	 -0.0325	  0.0000
  0.0044	  0.0084	  0.0104	 -0.0251	  0.0000
  0.0048	  0.0084	  0.0020	 -0.0145	  0.0000
  0.0052	  0.0084	 -0.0049	 -0.0157	  0.0000
  0.0056	  0.0084	 -0.0081	 -0.0220	  0.0000
  0.0060	  0.0084	 -0.0159	 -0.0284	  0.0000
  0.0064	  0.0084	 -0.0183	 -0.0331	  0.0000
  0.0068	  0.0084	 -0.0188	 -0.0474	  0.0000
  0.0072	  0.0084	 -0.0284	 -0.0561	  0.0000
  0.0076	  0.0084	 -0.0229	 -0.0617	  0.0000
  0.0080	  0.0084	 -0.0458	 -0.0722	  0.0000
  0.0084	  0.0084	 -0.0601	 -0.1025	  0.0000
  0.0088	  0.0084	 -0.0381	 -0.1420	  1.0000
  0.0092	  0.0084	 -0.0366	 -0.1707	  1.0000
  0.0096	  0.0084	 -0.0402	 -0.1957	  1.0000
  0.0100	  0.0084	 -0.0481	 -0.2115	  0.0000
  0.0104	  0.0084	 -0.0047	 -0.2139	  0.0000
  0.0108	  0.0084	 -0.0124	 -0.2614	  1.0000
  0.0112	  0.0084	 -0.0147	 -0.2817	  1.0000
  0.0116	  0.0084	 -0.0107	 -0.2923	  1.0000
  0.0120	  0.0084	 -0.0071	 -0.2938	  1.0000
  0.0124	  0.0084	 -0.0056	 -0.2884	  1.0000
  0.0128	  0.0084	 -0.0075	 -0.2797	  1.0000
  0.0132	  0.0084	 -0.0064	 -0.2689	  1.0000
  0.0136	  0.0084	 -0.0026	 -0.2551	  1.0000
  0.0140	  0.0084	  0.0039	 -0.2371	  1.0000
  0.0144	  0.0084	  0.0107	 -0.2147	  1.0000
  0.0148	  0.0084	  0.0180	 -0.1878	  1.0000
  0.0152	  0.0084	  0.0266	 -0.1549	  1.0000
  0.0156	  0.0084	  0.0486	 -0.0951	  0.0000
  0.0160	  0.0084	  0.0408	 -0.1044	  1.0000
  0.0164	  0.0084	  0.0452	 -0.0876	  0.0000
  0.0168	  0.0084	  0.0339	 -0.0731	  1.0000
  0.0172	  0.0084	  0.0251	 -0.0515	  0.0000
  0.0176	  0.0084	  0.0191	 -0.0468	  1.0000
  0.0180	  0.0084	  0.0114	 -0.0381	  1.0000
  0.0184	  0.0084	  0.0047	 -0.0295	  1.0000
  0.0188	  0.0084	 -0.0002	 -0.0228	  1.0000
  0.0192	  0.0084	  0.0003	 -0.0176	  0.0000
  0.0196	  0.0084	 -0.0028	 -0.0185	  1.0000
  0.0200	  0.0084	 -0.0042	 -0.0205	  1.0000
  0.0204	  0.0084	 -0.0077	 -0.0255	  1.0000
  0.0208	  0.0084	 -0.0121	 -0.0350	  1.0000
  0.0212	  0.0084	 -0.0180	 -0.0478	  1.0000
  0.0216	  0.0084	 -0.0247	 -0.0620	  1.0000
  0.0220	  0.0084	 -0.0323	 -0.0759	  1.0000
  0.0224	  0.0084	 -0.0399	 -0.0857	  1.0000
  0.0228	  0.0084	 -0.0573	 -0.0833	  0.0000
  0.0232	  0.0084	 -0.0490	 -0.0996	  0.0000
  0.0236	  0.0084	 -0.0329	 -0.1203	  1.0000
  0.0240	  0.0084	 -0.0266	 -0.1310	  1.0000
  0.0244	  0.0084	 -0.0241	 -0.1354	  1.0000
