  0.0004	  0.0006	 -0.0813	 -0.2634	  1.0000
  0.0008	  0.0006	 -0.0792	 -0.2585	  1.0000
  0.0012	  0.0006	 -0.0752	 -0.2494	  1.0000
  0.0016	  0.0006	 -0.0706	 -0.2403	  1.0000
  0.0020	  0.0006	 -0.0660	 -0.2335	  1.0000
  0.0024	  0.0006	 -0.0609	 -0.2283	  1.0000
  0.0028	  0.0006	 -0.0543	 -0.2238	  1.0000
  0.0032	  0.0006	 -0.0453	 -0.2201	  1.0000
  0.0036	  0.0006	 -0.0336	 -0.2190	  1.0000
  0.0040	  0.0006	 -0.0203	 -0.2216	  1.0000
  0.0044	  0.0006	 -0.0072	 -0.2280	  1.0000
  0.0048	  0.0006	  0.0033	 -0.2360	  1.0000
  0.0052	  0.0006	  0.0108	 -0.2430	  1.0000
  0.0056	  0.0006	  0.0161	 -0.2475	  1.0000
  0.0060	  0.0006	  0.0215	 -0.2503	  1.0000
  0.0064	  0.0006	  0.0285	 -0.2530	  1.0000
  0.0068	  0.0006	  0.0372	 -0.2574	  1.0000
  0.0072	  0.0006	  0.0458	 -0.2632	  1.0000
  0.0076	  0.0006	  0.0524	 -0.2691	  1.0000
  0.0080	  0.0006	  0.0560	 -0.2731	  1.0000
  0.0084	  0.0006	  0.0574	 -0.2750	  1.0000
  0.0088	  0.0006	  0.0578	 -0.2754	  1.0000
  0.0092	  0.0006	  0.0580	 -0.2756	  1.0000
  0.0096	  0.0006	  0.0587	 -0.2767	  1.0000
  0.0100	  0.0006	  0.0599	 -0.2788	  1.0000
  0.0104	  0.0006	  0.0613	 -0.2815	  1.0000
  0.0108	  0.0006	  0.0626	 -0.2839	  1.0000
  0.0112	  0.0006	  0.0634	 -0.2854	  1.0000
  0.0116	  0.0006	  0.0638	 -0.2863	  1.0000
  0.0120	  0.0006	  0.0194	 -0.2866	  1.0000
  0.0124	  0.0006	 -0.0251	 -0.2869	  1.0000
  0.0128	  0.0006	 -0.0697	 -0.2870	  1.0000
  0.0132	  0.0006	 -0.0697	 -0.2870	  1.0000
  0.0136	  0.0006	 -0.0698	 -0.2856	  1.0000
  0.0140	  0.0006	 -0.0703	 -0.2820	  1.0000
  0.0144	  0.0006	 -0.0714	 -0.2757	  1.0000
  0.0148	  0.0006	 -0.0729	 -0.2696	  1.0000
  0.0152	  0.0006	 -0.0746	 -0.2655	  1.0000
  0.0156	  0.0006	 -0.0761	 -0.2650	  1.0000
  0.0160	  0.0006	 -0.0772	 -0.2662	  1.0000
  0.0164	  0.0006	 -0.0772	 -0.2667	  1.0000
  0.0168	  0.0006	 -0.0753	 -0.2634	  1.0000
  0.0172	  0.0006	 -0.0701	 -0.2554	  1.0000
  0.0176	  0.0006	 -0.0611	 -0.2433	  1.0000
  0.0180	  0.0006	 -0.0495	 -0.2305	  1.0000
  0.0184	  0.0006	 -0.0377	 -0.2205	  1.0000
  0.0188	  0.0006	 -0.0281	 -0.2147	  1.0000
  0.0192	  0.0006	 -0.0208	 -0.2113	  1.0000
  0.0196	  0.0006	 -0.0144	 -0.2081	  1.0000
  0.0200	  0.0006	 -0.0067	 -0.2037	  1.0000
  0.0204	  0.0006	  0.0029	 -0.1995	  1.0000
  0.0208	  0.0006	  0.0136	 -0.1973	  1.0000
  0.0212	  0.0006	  0.0232	 -0.1984	  1.0000
  0.0216	  0.0006	  0.0305	 -0.2019	  1.0000
  0.0220	  0.0006	  0.0353	 -0.2057	  1.0000
  0.0224	  0.0006	  0.0387	 -0.2081	  1.0000
  0.0228	  0.0006	  0.0416	 -0.2085	  1.0000
  0.0232	  0.0006	  0.0446	 -0.2076	  1.0000
  0.0236	  0.0006	  0.0472	 -0.2067	  1.0000
  0.0240	  0.0006	  0.0491	 -0.2062	  1.0000
  0.0244	  0.0006	  0.0498	 -0.2062	  1.0000
  0.0004	  0.0011	 -0.0817	 -0.2642	  1.0000
  0.0008	  0.0011	 -0.0797	 -0.2593	  1.0000
  0.0012	  0.0011	 -0.0758	 -0.2501	  1.0000
  0.0016	  0.0011	 -0.0712	 -0.2406	  1.0000
  0.0020	  0.0011	 -0.0665	 -0.2333	  1.0000
  0.0024	  0.0011	 -0.0613	 -0.2279	  1.0000
  0.0028	  0.0011	 -0.0546	 -0.2234	  1.0000
  0.0032	  0.0011	 -0.0457	 -0.2195	  1.0000
  0.0036	  0.0011	 -0.0342	 -0.2177	  1.0000
  0.0040	  0.0011	 -0.0212	 -0.2193	  1.0000
  0.0044	  0.0011	 -0.0084	 -0.2249	  1.0000
  0.0048	  0.0011	  0.0023	 -0.2329	  1.0000
  0.0052	  0.0011	  0.0101	 -0.2403	  1.0000
  0.0056	  0.0011	  0.0158	 -0.2448	  1.0000
  0.0060	  0.0011	  0.0214	 -0.2463	  1.0000
  0.0064	  0.0011	  0.0284	 -0.2475	  1.0000
  0.0068	  0.0011	  0.0369	 -0.2510	  1.0000
  0.0072	  0.0011	  0.0454	 -0.2577	  1.0000
  0.0076	  0.0011	  0.0520	 -0.2650	  1.0000
  0.0080	  0.0011	  0.0558	 -0.2706	  1.0000
  0.0084	  0.0011	  0.0572	 -0.2730	  1.0000
  0.0088	  0.0011	  0.0576	 -0.2736	  1.0000
  0.0092	  0.0011	  0.0579	 -0.2740	  1.0000
  0.0096	  0.0011	  0.0585	 -0.2756	  1.0000
  0.0100	  0.0011	  0.0596	 -0.2782	  1.0000
  0.0104	  0.0011	  0.0608	 -0.2810	  1.0000
  0.0108	  0.0011	  0.0616	 -0.2832	  1.0000
  0.0112	  0.0011	  0.0610	 -0.2839	  1.0000
  0.0116	  0.0011	  0.0596	 -0.2836	  1.0000
  0.0120	  0.0011	  0.0178	 -0.2833	  1.0000
  0.0124	  0.0011	 -0.0251	 -0.2844	  1.0000
  0.0128	  0.0011	 -0.0675	 -0.2858	  1.0000
  0.0132	  0.0011	 -0.0696	 -0.2867	  1.0000
  0.0136	  0.0011	 -0.0697	 -0.2856	  1.0000
  0.0140	  0.0011	 -0.0702	 -0.2825	  1.0000
  0.0144	  0.0011	 -0.0711	 -0.2766	  1.0000
  0.0148	  0.0011	 -0.0725	 -0.2705	  1.0000
  0.0152	  0.0011	 -0.0741	 -0.2656	  1.0000
  0.0156	  0.0011	 -0.0756	 -0.2640	  1.0000
  0.0160	  0.0011	 -0.0768	 -0.2645	  1.0000
  0.0164	  0.0011	 -0.0769	 -0.2645	  1.0000
  0.0168	  0.0011	 -0.0750	 -0.2609	  1.0000
  0.0172	  0.0011	 -0.0697	 -0.2514	  1.0000
  0.0176	  0.0011	 -0.0608	 -0.2382	  1.0000
  0.0180	  0.0011	 -0.0494	 -0.2250	  1.0000
  0.0184	  0.0011	 -0.0378	 -0.2160	  1.0000
  0.0188	  0.0011	 -0.0282	 -0.2112	  1.0000
  0.0192	  0.0011	 -0.0206	 -0.2087	  1.0000
  0.0196	  0.0011	 -0.0137	 -0.2050	  1.0000
  0.0200	  0.0011	 -0.0057	 -0.2003	  1.0000
  0.0204	  0.0011	  0.0041	 -0.1961	  1.0000
  0.0208	  0.0011	  0.0145	 -0.1949	  1.0000
  0.0212	  0.0011	  0.0239	 -0.1969	  1.0000
  0.0216	  0.0011	  0.0310	 -0.2007	  1.0000
  0.0220	  0.0011	  0.0359	 -0.2043	  1.0000
  0.0224	  0.0011	  0.0394	 -0.2063	  1.0000
  0.0228	  0.0011	  0.0425	 -0.2068	  1.0000
  0.0232	  0.0011	  0.0454	 -0.2066	  1.0000
  0.0236	  0.0011	  0.0478	 -0.2068	  1.0000
  0.0240	  0.0011	  0.0495	 -0.2073	  1.0000
  0.0244	  0.0011	  0.0501	 -0.2078	  1.0000
  0.0004	  0.0017	 -0.0824	 -0.2658	  1.0000
  0.0008	  0.0017	 -0.0807	 -0.2609	  1.0000
  0.0012	  0.0017	 -0.0770	 -0.2512	  1.0000
  0.0016	  0.0017	 -0.0724	 -0.2405	  1.0000
  0.0020	  0.0017	 -0.0676	 -0.2323	  1.0000
  0.0024	  0.0017	 -0.0623	 -0.2268	  1.0000
  0.0028	  0.0017	 -0.0555	 -0.2228	  1.0000
  0.0032	  0.0017	 -0.0466	 -0.2186	  1.0000
  0.0036	  0.0017	 -0.0355	 -0.2150	  1.0000
  0.0040	  0.0017	 -0.0230	 -0.2141	  1.0000
  0.0044	  0.0017	 -0.0105	 -0.2177	  1.0000
  0.0048	  0.0017	  0.0005	 -0.2253	  1.0000
  0.0052	  0.0017	  0.0092	 -0.2363	  1.0000
  0.0056	  0.0017	  0.0156	 -0.2401	  1.0000
  0.0060	  0.0017	  0.0214	 -0.2389	  1.0000
  0.0064	  0.0017	  0.0279	 -0.2338	  1.0000
  0.0068	  0.0017	  0.0361	 -0.2358	  1.0000
  0.0072	  0.0017	  0.0445	 -0.2440	  1.0000
  0.0076	  0.0017	  0.0515	 -0.2573	  1.0000
  0.0080	  0.0017	  0.0555	 -0.2661	  1.0000
  0.0084	  0.0017	  0.0571	 -0.2702	  1.0000
  0.0088	  0.0017	  0.0572	 -0.2689	  1.0000
  0.0092	  0.0017	  0.0573	 -0.2703	  1.0000
  0.0096	  0.0017	  0.0579	 -0.2733	  1.0000
  0.0100	  0.0017	  0.0587	 -0.2768	  1.0000
  0.0104	  0.0017	  0.0591	 -0.2796	  1.0000
  0.0108	  0.0017	  0.0587	 -0.2812	  1.0000
  0.0112	  0.0017	  0.0556	 -0.2805	  1.0000
  0.0116	  0.0017	  0.0502	 -0.2787	  1.0000
  0.0120	  0.0017	  0.0138	 -0.2780	  1.0000
  0.0124	  0.0017	 -0.0252	 -0.2807	  1.0000
  0.0128	  0.0017	 -0.0622	 -0.2839	  1.0000
  0.0132	  0.0017	 -0.0679	 -0.2861	  1.0000
  0.0136	  0.0017	 -0.0689	 -0.2854	  1.0000
  0.0140	  0.0017	 -0.0695	 -0.2830	  1.0000
  0.0144	  0.0017	 -0.0704	 -0.2782	  1.0000
  0.0148	  0.0017	 -0.0715	 -0.2718	  1.0000
  0.0152	  0.0017	 -0.0730	 -0.2653	  1.0000
  0.0156	  0.0017	 -0.0745	 -0.2611	  1.0000
  0.0160	  0.0017	 -0.0759	 -0.2594	  1.0000
  0.0164	  0.0017	 -0.0767	 -0.2621	  1.0000
  0.0168	  0.0017	 -0.0748	 -0.2565	  1.0000
  0.0172	  0.0017	 -0.0694	 -0.2448	  1.0000
  0.0176	  0.0017	 -0.0601	 -0.2256	  1.0000
  0.0180	  0.0017	 -0.0492	 -0.2123	  1.0000
  0.0184	  0.0017	 -0.0381	 -0.2048	  1.0000
  0.0188	  0.0017	 -0.0285	 -0.2054	  1.0000
  0.0192	  0.0017	 -0.0202	 -0.2039	  1.0000
  0.0196	  0.0017	 -0.0125	 -0.1999	  1.0000
  0.0200	  0.0017	 -0.0036	 -0.1912	  1.0000
  0.0204	  0.0017	  0.0061	 -0.1882	  1.0000
  0.0208	  0.0017	  0.0163	 -0.1897	  1.0000
  0.0212	  0.0017	  0.0253	 -0.1942	  1.0000
  0.0216	  0.0017	  0.0322	 -0.1989	  1.0000
  0.0220	  0.0017	  0.0372	 -0.2015	  1.0000
  0.0224	  0.0017	  0.0411	 -0.2024	  1.0000
  0.0228	  0.0017	  0.0444	 -0.2031	  1.0000
  0.0232	  0.0017	  0.0471	 -0.2047	  1.0000
  0.0236	  0.0017	  0.0490	 -0.2073	  1.0000
  0.0240	  0.0017	  0.0502	 -0.2099	  1.0000
  0.0244	  0.0017	  0.0505	 -0.2113	  1.0000
  0.0004	  0.0022	 -0.0832	 -0.2680	  0.0000
  0.0008	  0.0022	 -0.0816	 -0.2629	  1.0000
  0.0012	  0.0022	 -0.0780	 -0.2519	  1.0000
  0.0016	  0.0022	 -0.0733	 -0.2387	  1.0000
  0.0020	  0.0022	 -0.0686	 -0.2283	  1.0000
  0.0024	  0.0022	 -0.0643	 -0.2247	  1.0000
  0.0028	  0.0022	 -0.0573	 -0.2229	  1.0000
  0.0032	  0.0022	 -0.0484	 -0.2195	  1.0000
  0.0036	  0.0022	 -0.0367	 -0.2118	  1.0000
  0.0040	  0.0022	 -0.0251	 -0.2059	  1.0000
  0.0044	  0.0022	 -0.0125	 -0.2063	  1.0000
  0.0048	  0.0022	 -0.0013	 -0.2138	  1.0000
  0.0052	  0.0022	  0.0087	 -0.2258	  1.0000
  0.0056	  0.0022	  0.0175	 -0.2589	  0.0000
  0.0060	  0.0022	  0.0213	 -0.2220	  1.0000
  0.0064	  0.0022	  0.0270	 -0.2127	  1.0000
  0.0068	  0.0022	  0.0348	 -0.2132	  1.0000
  0.0072	  0.0022	  0.0430	 -0.2225	  1.0000
  0.0076	  0.0022	  0.0507	 -0.2416	  1.0000
  0.0080	  0.0022	  0.0581	 -0.2807	  0.0000
  0.0084	  0.0022	  0.0569	 -0.2615	  1.0000
  0.0088	  0.0022	  0.0564	 -0.2607	  1.0000
  0.0092	  0.0022	  0.0564	 -0.2653	  1.0000
  0.0096	  0.0022	  0.0568	 -0.2710	  1.0000
  0.0100	  0.0022	  0.0568	 -0.2753	  1.0000
  0.0104	  0.0022	  0.0556	 -0.2774	  1.0000
  0.0108	  0.0022	  0.0529	 -0.2775	  1.0000
  0.0112	  0.0022	  0.0466	 -0.2748	  1.0000
  0.0116	  0.0022	  0.0367	 -0.2719	  1.0000
  0.0120	  0.0022	  0.0079	 -0.2712	  1.0000
  0.0124	  0.0022	 -0.0246	 -0.2764	  1.0000
  0.0128	  0.0022	 -0.0543	 -0.2816	  1.0000
  0.0132	  0.0022	 -0.0641	 -0.2851	  1.0000
  0.0136	  0.0022	 -0.0668	 -0.2846	  1.0000
  0.0140	  0.0022	 -0.0680	 -0.2830	  1.0000
  0.0144	  0.0022	 -0.0692	 -0.2789	  1.0000
  0.0148	  0.0022	 -0.0703	 -0.2721	  1.0000
  0.0152	  0.0022	 -0.0716	 -0.2632	  1.0000
  0.0156	  0.0022	 -0.0731	 -0.2555	  1.0000
  0.0160	  0.0022	 -0.0747	 -0.2514	  1.0000
  0.0164	  0.0022	 -0.0762	 -0.2495	  1.0000
  0.0168	  0.0022	 -0.0794	 -0.2811	  0.0000
  0.0172	  0.0022	 -0.0684	 -0.2255	  1.0000
  0.0176	  0.0022	 -0.0590	 -0.2069	  1.0000
  0.0180	  0.0022	 -0.0492	 -0.1944	  1.0000
  0.0184	  0.0022	 -0.0388	 -0.1878	  1.0000
  0.0188	  0.0022	 -0.0282	 -0.1896	  1.0000
  0.0192	  0.0022	 -0.0212	 -0.2224	  0.0000
  0.0196	  0.0022	 -0.0103	 -0.1847	  1.0000
  0.0200	  0.0022	 -0.0018	 -0.1764	  1.0000
  0.0204	  0.0022	  0.0080	 -0.1754	  1.0000
  0.0208	  0.0022	  0.0183	 -0.1822	  1.0000
  0.0212	  0.0022	  0.0272	 -0.1933	  1.0000
  0.0216	  0.0022	  0.0340	 -0.1990	  1.0000
  0.0220	  0.0022	  0.0389	 -0.1991	  1.0000
  0.0224	  0.0022	  0.0431	 -0.1962	  1.0000
  0.0228	  0.0022	  0.0466	 -0.1984	  1.0000
  0.0232	  0.0022	  0.0490	 -0.2032	  1.0000
  0.0236	  0.0022	  0.0501	 -0.2091	  1.0000
  0.0240	  0.0022	  0.0507	 -0.2142	  1.0000
  0.0244	  0.0022	  0.0509	 -0.2166	  1.0000
  0.0004	  0.0028	 -0.0838	 -0.2715	  1.0000
  0.0008	  0.0028	 -0.0833	 -0.2675	  1.0000
  0.0012	  0.0028	 -0.0791	 -0.2537	  0.0000
  0.0016	  0.0028	 -0.0736	 -0.2340	  1.0000
  0.0020	  0.0028	 -0.0683	 -0.2178	  1.0000
  0.0024	  0.0028	 -0.0655	 -0.2142	  1.0000
  0.0028	  0.0028	 -0.0681	 -0.2346	  0.0000
  0.0032	  0.0028	 -0.0456	 -0.2233	  0.0000
  0.0036	  0.0028	 -0.0387	 -0.2093	  0.0000
  0.0040	  0.0028	 -0.0285	 -0.1930	  0.0000
  0.0044	  0.0028	 -0.0139	 -0.1850	  1.0000
  0.0048	  0.0028	  0.0010	 -0.1992	  0.0000
  0.0052	  0.0028	  0.0053	 -0.2146	  0.0000
  0.0056	  0.0028	  0.0198	 -0.2152	  0.0000
  0.0060	  0.0028	  0.0193	 -0.1949	  1.0000
  0.0064	  0.0028	  0.0253	 -0.1840	  1.0000
  0.0068	  0.0028	  0.0333	 -0.1853	  1.0000
  0.0072	  0.0028	  0.0413	 -0.1937	  1.0000
  0.0076	  0.0028	  0.0485	 -0.2117	  1.0000
  0.0080	  0.0028	  0.0591	 -0.2551	  0.0000
  0.0084	  0.0028	  0.0560	 -0.2404	  1.0000
  0.0088	  0.0028	  0.0550	 -0.2486	  1.0000
  0.0092	  0.0028	  0.0550	 -0.2606	  1.0000
  0.0096	  0.0028	  0.0550	 -0.2707	  1.0000
  0.0100	  0.0028	  0.0546	 -0.2753	  0.0000
  0.0104	  0.0028	  0.0499	 -0.2743	  1.0000
  0.0108	  0.0028	  0.0447	 -0.2729	  1.0000
  0.0112	  0.0028	  0.0365	 -0.2693	  1.0000
  0.0116	  0.0028	  0.0242	 -0.2673	  1.0000
  0.0120	  0.0028	  0.0020	 -0.2684	  1.0000
  0.0124	  0.0028	 -0.0237	 -0.2752	  1.0000
  0.0128	  0.0028	 -0.0461	 -0.2807	  1.0000
  0.0132	  0.0028	 -0.0576	 -0.2840	  1.0000
  0.0136	  0.0028	 -0.0624	 -0.2834	  1.0000
  0.0140	  0.0028	 -0.0650	 -0.2822	  1.0000
  0.0144	  0.0028	 -0.0674	 -0.2803	  1.0000
  0.0148	  0.0028	 -0.0689	 -0.2723	  0.0000
  0.0152	  0.0028	 -0.0700	 -0.2598	  1.0000
  0.0156	  0.0028	 -0.0711	 -0.2457	  1.0000
  0.0160	  0.0028	 -0.0739	 -0.2391	  1.0000
  0.0164	  0.0028	 -0.0749	 -0.2389	  0.0000
  0.0168	  0.0028	 -0.0775	 -0.2051	  0.0000
  0.0172	  0.0028	 -0.0677	 -0.1960	  0.0000
  0.0176	  0.0028	 -0.0552	 -0.1850	  1.0000
  0.0180	  0.0028	 -0.0499	 -0.1736	  1.0000
  0.0184	  0.0028	 -0.0431	 -0.1657	  1.0000
  0.0188	  0.0028	 -0.0272	 -0.1635	  0.0000
  0.0192	  0.0028	 -0.0114	 -0.1670	  0.0000
  0.0196	  0.0028	 -0.0103	 -0.1609	  1.0000
  0.0200	  0.0028	 -0.0010	 -0.1549	  1.0000
  0.0204	  0.0028	  0.0091	 -0.1577	  1.0000
  0.0208	  0.0028	  0.0188	 -0.1666	  0.0000
  0.0212	  0.0028	  0.0321	 -0.1963	  0.0000
  0.0216	  0.0028	  0.0370	 -0.2209	  0.0000
  0.0220	  0.0028	  0.0399	 -0.1869	  1.0000
  0.0224	  0.0028	  0.0450	 -0.1855	  1.0000
  0.0228	  0.0028	  0.0501	 -0.1927	  1.0000
  0.0232	  0.0028	  0.0509	 -0.2021	  1.0000
  0.0236	  0.0028	  0.0502	 -0.2121	  1.0000
  0.0240	  0.0028	  0.0506	 -0.2193	  1.0000
  0.0244	  0.0028	  0.0508	 -0.2229	  1.0000
  0.0004	  0.0034	 -0.0807	 -0.2637	  1.0000
  0.0008	  0.0034	 -0.0879	 -0.2882	  0.0000
  0.0012	  0.0034	 -0.0885	 -0.2720	  0.0000
  0.0016	  0.0034	 -0.0647	 -0.2106	  0.0000
  0.0020	  0.0034	 -0.0664	 -0.1989	  1.0000
  0.0024	  0.0034	 -0.0695	 -0.1944	  0.0000
  0.0028	  0.0034	 -0.0606	 -0.1933	  0.0000
  0.0032	  0.0034	 -0.0393	 -0.1812	  0.0000
  0.0036	  0.0034	 -0.0272	 -0.1716	  0.0000
  0.0040	  0.0034	 -0.0269	 -0.1498	  0.0000
  0.0044	  0.0034	 -0.0168	 -0.1496	  0.0000
  0.0048	  0.0034	 -0.0014	 -0.1645	  0.0000
  0.0052	  0.0034	  0.0017	 -0.1792	  0.0000
  0.0056	  0.0034	  0.0093	 -0.1713	  0.0000
  0.0060	  0.0034	  0.0118	 -0.1513	  0.0000
  0.0064	  0.0034	  0.0239	 -0.1492	  1.0000
  0.0068	  0.0034	  0.0333	 -0.1539	  1.0000
  0.0072	  0.0034	  0.0385	 -0.1634	  0.0000
  0.0076	  0.0034	  0.0474	 -0.1646	  0.0000
  0.0080	  0.0034	  0.0484	 -0.1741	  0.0000
  0.0084	  0.0034	  0.0637	 -0.2189	  0.0000
  0.0088	  0.0034	  0.0506	 -0.2243	  0.0000
  0.0092	  0.0034	  0.0447	 -0.2582	  0.0000
  0.0096	  0.0034	  0.0646	 -0.2872	  0.0000
  0.0100	  0.0034	  0.0487	 -0.2724	  0.0000
  0.0104	  0.0034	  0.0423	 -0.2706	  0.0000
  0.0108	  0.0034	  0.0350	 -0.2684	  1.0000
  0.0112	  0.0034	  0.0259	 -0.2656	  1.0000
  0.0116	  0.0034	  0.0138	 -0.2658	  1.0000
  0.0120	  0.0034	 -0.0032	 -0.2690	  1.0000
  0.0124	  0.0034	 -0.0227	 -0.2763	  0.0000
  0.0128	  0.0034	 -0.0395	 -0.2810	  1.0000
  0.0132	  0.0034	 -0.0501	 -0.2830	  0.0000
  0.0136	  0.0034	 -0.0560	 -0.2818	  1.0000
  0.0140	  0.0034	 -0.0601	 -0.2807	  1.0000
  0.0144	  0.0034	 -0.0643	 -0.2796	  0.0000
  0.0148	  0.0034	 -0.0697	 -0.2872	  0.0000
  0.0152	  0.0034	 -0.0679	 -0.2511	  1.0000
  0.0156	  0.0034	 -0.0673	 -0.2292	  0.0000
  0.0160	  0.0034	 -0.0701	 -0.2163	  0.0000
  0.0164	  0.0034	 -0.0834	 -0.2272	  0.0000
  0.0168	  0.0034	 -0.0628	 -0.1756	  0.0000
  0.0172	  0.0034	 -0.0503	 -0.1716	  0.0000
  0.0176	  0.0034	 -0.0444	 -0.1670	  0.0000
  0.0180	  0.0034	 -0.0518	 -0.1481	  0.0000
  0.0184	  0.0034	 -0.0580	 -0.1392	  0.0000
  0.0188	  0.0034	 -0.0428	 -0.1347	  0.0000
  0.0192	  0.0034	 -0.0161	 -0.1346	  0.0000
  0.0196	  0.0034	 -0.0066	 -0.1242	  1.0000
  0.0200	  0.0034	 -0.0137	 -0.1239	  0.0000
  0.0204	  0.0034	  0.0171	 -0.1384	  0.0000
  0.0208	  0.0034	  0.0258	 -0.1464	  0.0000
  0.0212	  0.0034	  0.0343	 -0.1536	  0.0000
  0.0216	  0.0034	  0.0412	 -0.1641	  0.0000
  0.0220	  0.0034	  0.0251	 -0.1594	  0.0000
  0.0224	  0.0034	  0.0541	 -0.1708	  0.0000
  0.0228	  0.0034	  0.0613	 -0.1817	  0.0000
  0.0232	  0.0034	  0.0487	 -0.2063	  0.0000
  0.0236	  0.0034	  0.0490	 -0.2151	  1.0000
  0.0240	  0.0034	  0.0495	 -0.2254	  1.0000
  0.0244	  0.0034	  0.0505	 -0.2314	  1.0000
  0.0004	  0.0039	 -0.0733	 -0.2483	  1.0000
  0.0008	  0.0039	 -0.0741	 -0.2402	  0.0000
  0.0012	  0.0039	 -0.0792	 -0.2327	  0.0000
  0.0016	  0.0039	 -0.0612	 -0.1937	  0.0000
  0.0020	  0.0039	 -0.0636	 -0.1646	  0.0000
  0.0024	  0.0039	 -0.0645	 -0.1625	  0.0000
  0.0028	  0.0039	 -0.0443	 -0.1558	  0.0000
  0.0032	  0.0039	 -0.0413	 -0.1350	  0.0000
  0.0036	  0.0039	 -0.0270	 -0.1187	  0.0000
  0.0040	  0.0039	 -0.0269	 -0.1198	  0.0000
  0.0044	  0.0039	 -0.0142	 -0.0975	  0.0000
  0.0048	  0.0039	 -0.0029	 -0.1000	  0.0000
  0.0052	  0.0039	 -0.0049	 -0.1142	  0.0000
  0.0056	  0.0039	  0.0008	 -0.1062	  0.0000
  0.0060	  0.0039	  0.0089	 -0.1062	  0.0000
  0.0064	  0.0039	  0.0239	 -0.1080	  0.0000
  0.0068	  0.0039	  0.0368	 -0.1167	  0.0000
  0.0072	  0.0039	  0.0436	 -0.1381	  0.0000
  0.0076	  0.0039	  0.0484	 -0.1559	  0.0000
  0.0080	  0.0039	  0.0499	 -0.1644	  0.0000
  0.0084	  0.0039	  0.0633	 -0.1948	  0.0000
  0.0088	  0.0039	  0.0517	 -0.1916	  0.0000
  0.0092	  0.0039	  0.0516	 -0.2355	  0.0000
  0.0096	  0.0039	  0.0432	 -0.2626	  0.0000
  0.0100	  0.0039	  0.0423	 -0.2702	  1.0000
  0.0104	  0.0039	  0.0329	 -0.2667	  1.0000
  0.0108	  0.0039	  0.0246	 -0.2657	  0.0000
  0.0112	  0.0039	  0.0157	 -0.2656	  0.0000
  0.0116	  0.0039	  0.0046	 -0.2686	  1.0000
  0.0120	  0.0039	 -0.0086	 -0.2735	  0.0000
  0.0124	  0.0039	 -0.0226	 -0.2799	  1.0000
  0.0128	  0.0039	 -0.0342	 -0.2826	  1.0000
  0.0132	  0.0039	 -0.0424	 -0.2828	  1.0000
  0.0136	  0.0039	 -0.0481	 -0.2804	  1.0000
  0.0140	  0.0039	 -0.0530	 -0.2782	  0.0000
  0.0144	  0.0039	 -0.0586	 -0.2776	  0.0000
  0.0148	  0.0039	 -0.0674	 -0.2759	  0.0000
  0.0152	  0.0039	 -0.0598	 -0.2297	  0.0000
  0.0156	  0.0039	 -0.0693	 -0.2080	  0.0000
  0.0160	  0.0039	 -0.0563	 -0.1848	  0.0000
  0.0164	  0.0039	 -0.0646	 -0.1581	  0.0000
  0.0168	  0.0039	 -0.0731	 -0.1473	  0.0000
  0.0172	  0.0039	 -0.0599	 -0.1352	  0.0000
  0.0176	  0.0039	 -0.0513	 -0.1190	  0.0000
  0.0180	  0.0039	 -0.0398	 -0.1160	  1.0000
  0.0184	  0.0039	 -0.0288	 -0.1058	  0.0000
  0.0188	  0.0039	 -0.0210	 -0.0765	  0.0000
  0.0192	  0.0039	 -0.0129	 -0.0723	  0.0000
  0.0196	  0.0039	  0.0029	 -0.0871	  0.0000
  0.0200	  0.0039	  0.0093	 -0.0940	  0.0000
  0.0204	  0.0039	 -0.0011	 -0.1276	  0.0000
  0.0208	  0.0039	  0.0021	 -0.1185	  0.0000
  0.0212	  0.0039	  0.0386	 -0.1025	  0.0000
  0.0216	  0.0039	  0.0275	 -0.1238	  0.0000
  0.0220	  0.0039	  0.0130	 -0.1392	  0.0000
  0.0224	  0.0039	  0.0549	 -0.1653	  0.0000
  0.0228	  0.0039	  0.0570	 -0.1733	  0.0000
  0.0232	  0.0039	  0.0433	 -0.1911	  1.0000
  0.0236	  0.0039	  0.0428	 -0.2119	  1.0000
  0.0240	  0.0039	  0.0539	 -0.2486	  0.0000
  0.0244	  0.0039	  0.0463	 -0.2334	  1.0000
  0.0004	  0.0045	 -0.0596	 -0.2278	  1.0000
  0.0008	  0.0045	 -0.0641	 -0.2209	  0.0000
  0.0012	  0.0045	 -0.0587	 -0.2215	  0.0000
  0.0016	  0.0045	 -0.0446	 -0.1882	  0.0000
  0.0020	  0.0045	 -0.0396	 -0.1385	  0.0000
  0.0024	  0.0045	 -0.0497	 -0.1172	  0.0000
  0.0028	  0.0045	 -0.0431	 -0.1097	  0.0000
  0.0032	  0.0045	 -0.0301	 -0.1050	  0.0000
  0.0036	  0.0045	 -0.0208	 -0.0861	  0.0000
  0.0040	  0.0045	 -0.0174	 -0.0750	  0.0000
  0.0044	  0.0045	 -0.0131	 -0.0742	  0.0000
  0.0048	  0.0045	 -0.0026	 -0.0753	  0.0000
  0.0052	  0.0045	 -0.0074	 -0.0758	  0.0000
  0.0056	  0.0045	 -0.0048	 -0.0782	  0.0000
  0.0060	  0.0045	  0.0073	 -0.0828	  0.0000
  0.0064	  0.0045	  0.0174	 -0.0812	  0.0000
  0.0068	  0.0045	  0.0316	 -0.0929	  0.0000
  0.0072	  0.0045	  0.0416	 -0.1080	  0.0000
  0.0076	  0.0045	  0.0476	 -0.1310	  1.0000
  0.0080	  0.0045	  0.0511	 -0.1500	  1.0000
  0.0084	  0.0045	  0.0511	 -0.1731	  0.0000
  0.0088	  0.0045	  0.0382	 -0.1873	  0.0000
  0.0092	  0.0045	  0.0672	 -0.2446	  0.0000
  0.0096	  0.0045	  0.0509	 -0.2766	  0.0000
  0.0100	  0.0045	  0.0311	 -0.2633	  1.0000
  0.0104	  0.0045	  0.0211	 -0.2631	  1.0000
  0.0108	  0.0045	  0.0140	 -0.2654	  0.0000
  0.0112	  0.0045	  0.0051	 -0.2685	  0.0000
  0.0116	  0.0045	 -0.0047	 -0.2738	  1.0000
  0.0120	  0.0045	 -0.0144	 -0.2793	  0.0000
  0.0124	  0.0045	 -0.0233	 -0.2839	  0.0000
  0.0128	  0.0045	 -0.0299	 -0.2848	  0.0000
  0.0132	  0.0045	 -0.0351	 -0.2832	  1.0000
  0.0136	  0.0045	 -0.0397	 -0.2799	  0.0000
  0.0140	  0.0045	 -0.0444	 -0.2756	  0.0000
  0.0144	  0.0045	 -0.0491	 -0.2703	  0.0000
  0.0148	  0.0045	 -0.0576	 -0.2733	  0.0000
  0.0152	  0.0045	 -0.0594	 -0.2407	  0.0000
  0.0156	  0.0045	 -0.0588	 -0.2155	  0.0000
  0.0160	  0.0045	 -0.0493	 -0.1701	  0.0000
  0.0164	  0.0045	 -0.0531	 -0.1455	  0.0000
  0.0168	  0.0045	 -0.0685	 -0.1343	  0.0000
  0.0172	  0.0045	 -0.0758	 -0.1151	  0.0000
  0.0176	  0.0045	 -0.0341	 -0.0904	  0.0000
  0.0180	  0.0045	 -0.0295	 -0.0836	  0.0000
  0.0184	  0.0045	 -0.0206	 -0.0746	  0.0000
  0.0188	  0.0045	 -0.0203	 -0.0700	  0.0000
  0.0192	  0.0045	 -0.0242	 -0.0630	  0.0000
  0.0196	  0.0045	 -0.0061	 -0.0677	  1.0000
  0.0200	  0.0045	 -0.0000	 -0.0737	  1.0000
  0.0204	  0.0045	  0.0065	 -0.0672	  0.0000
  0.0208	  0.0045	  0.0142	 -0.0812	  0.0000
  0.0212	  0.0045	  0.0289	 -0.0838	  0.0000
  0.0216	  0.0045	  0.0319	 -0.0939	  0.0000
  0.0220	  0.0045	  0.0084	 -0.1073	  0.0000
  0.0224	  0.0045	  0.0228	 -0.1377	  1.0000
  0.0228	  0.0045	  0.0269	 -0.1570	  1.0000
  0.0232	  0.0045	  0.0286	 -0.1781	  1.0000
  0.0236	  0.0045	  0.0316	 -0.2041	  1.0000
  0.0240	  0.0045	  0.0367	 -0.2230	  1.0000
  0.0244	  0.0045	  0.0396	 -0.2332	  1.0000
  0.0004	  0.0050	 -0.0451	 -0.2198	  1.0000
  0.0008	  0.0050	 -0.0411	 -0.2094	  0.0000
  0.0012	  0.0050	 -0.0446	 -0.2062	  0.0000
  0.0016	  0.0050	 -0.0344	 -0.1710	  0.0000
  0.0020	  0.0050	 -0.0326	 -0.1256	  0.0000
  0.0024	  0.0050	 -0.0420	 -0.1031	  0.0000
  0.0028	  0.0050	 -0.0456	 -0.0942	  0.0000
  0.0032	  0.0050	 -0.0200	 -0.0819	  0.0000
  0.0036	  0.0050	 -0.0198	 -0.0706	  0.0000
  0.0040	  0.0050	 -0.0203	 -0.0611	  0.0000
  0.0044	  0.0050	 -0.0110	 -0.0541	  0.0000
  0.0048	  0.0050	 -0.0007	 -0.0530	  0.0000
  0.0052	  0.0050	 -0.0038	 -0.0570	  0.0000
  0.0056	  0.0050	  0.0045	 -0.0603	  0.0000
  0.0060	  0.0050	  0.0136	 -0.0604	  0.0000
  0.0064	  0.0050	  0.0131	 -0.0634	  0.0000
  0.0068	  0.0050	  0.0198	 -0.0776	  0.0000
  0.0072	  0.0050	  0.0385	 -0.0972	  0.0000
  0.0076	  0.0050	  0.0521	 -0.1067	  0.0000
  0.0080	  0.0050	  0.0555	 -0.1280	  0.0000
  0.0084	  0.0050	  0.0409	 -0.1460	  0.0000
  0.0088	  0.0050	  0.0333	 -0.1787	  0.0000
  0.0092	  0.0050	  0.0716	 -0.2411	  0.0000
  0.0096	  0.0050	  0.0383	 -0.2565	  0.0000
  0.0100	  0.0050	  0.0064	 -0.2516	  0.0000
  0.0104	  0.0050	  0.0118	 -0.2616	  1.0000
  0.0108	  0.0050	  0.0035	 -0.2672	  0.0000
  0.0112	  0.0050	 -0.0049	 -0.2732	  0.0000
  0.0116	  0.0050	 -0.0131	 -0.2793	  1.0000
  0.0120	  0.0050	 -0.0195	 -0.2841	  0.0000
  0.0124	  0.0050	 -0.0236	 -0.2868	  0.0000
  0.0128	  0.0050	 -0.0258	 -0.2863	  0.0000
  0.0132	  0.0050	 -0.0279	 -0.2838	  0.0000
  0.0136	  0.0050	 -0.0310	 -0.2799	  0.0000
  0.0140	  0.0050	 -0.0350	 -0.2762	  0.0000
  0.0144	  0.0050	 -0.0388	 -0.2632	  0.0000
  0.0148	  0.0050	 -0.0357	 -0.2433	  0.0000
  0.0152	  0.0050	 -0.0397	 -0.2325	  0.0000
  0.0156	  0.0050	 -0.0507	 -0.2105	  0.0000
  0.0160	  0.0050	 -0.0355	 -0.1603	  0.0000
  0.0164	  0.0050	 -0.0439	 -0.1323	  0.0000
  0.0168	  0.0050	 -0.0425	 -0.1191	  1.0000
  0.0172	  0.0050	 -0.0350	 -0.1041	  0.0000
  0.0176	  0.0050	 -0.0321	 -0.0811	  1.0000
  0.0180	  0.0050	 -0.0149	 -0.0542	  0.0000
  0.0184	  0.0050	 -0.0166	 -0.0551	  0.0000
  0.0188	  0.0050	 -0.0155	 -0.0536	  1.0000
  0.0192	  0.0050	 -0.0201	 -0.0511	  0.0000
  0.0196	  0.0050	 -0.0043	 -0.0497	  1.0000
  0.0200	  0.0050	  0.0002	 -0.0505	  1.0000
  0.0204	  0.0050	 -0.0075	 -0.0455	  0.0000
  0.0208	  0.0050	  0.0027	 -0.0530	  0.0000
  0.0212	  0.0050	  0.0094	 -0.0599	  0.0000
  0.0216	  0.0050	  0.0109	 -0.0818	  0.0000
  0.0220	  0.0050	  0.0122	 -0.1028	  0.0000
  0.0224	  0.0050	  0.0003	 -0.1151	  0.0000
  0.0228	  0.0050	  0.0097	 -0.1414	  0.0000
  0.0232	  0.0050	 -0.0015	 -0.1537	  0.0000
  0.0236	  0.0050	  0.0184	 -0.1910	  1.0000
  0.0240	  0.0050	  0.0299	 -0.2336	  0.0000
  0.0244	  0.0050	  0.0305	 -0.2247	  1.0000
  0.0004	  0.0056	 -0.0318	 -0.2325	  0.0000
  0.0008	  0.0056	 -0.0289	 -0.2083	  0.0000
  0.0012	  0.0056	 -0.0355	 -0.1868	  0.0000
  0.0016	  0.0056	 -0.0308	 -0.1569	  0.0000
  0.0020	  0.0056	 -0.0349	 -0.1250	  0.0000
  0.0024	  0.0056	 -0.0238	 -0.0890	  0.0000
  0.0028	  0.0056	 -0.0240	 -0.0769	  0.0000
  0.0032	  0.0056	 -0.0213	 -0.0691	  0.0000
  0.0036	  0.0056	 -0.0217	 -0.0558	  0.0000
  0.0040	  0.0056	 -0.0200	 -0.0490	  0.0000
  0.0044	  0.0056	 -0.0069	 -0.0394	  0.0000
  0.0048	  0.0056	  0.0019	 -0.0342	  0.0000
  0.0052	  0.0056	 -0.0041	 -0.0349	  0.0000
  0.0056	  0.0056	  0.0082	 -0.0272	  0.0000
  0.0060	  0.0056	  0.0121	 -0.0337	  0.0000
  0.0064	  0.0056	  0.0021	 -0.0508	  0.0000
  0.0068	  0.0056	  0.0164	 -0.0643	  0.0000
  0.0072	  0.0056	  0.0251	 -0.0781	  0.0000
  0.0076	  0.0056	  0.0240	 -0.0902	  0.0000
  0.0080	  0.0056	  0.0101	 -0.1217	  0.0000
  0.0084	  0.0056	  0.0223	 -0.1389	  0.0000
  0.0088	  0.0056	  0.0274	 -0.1713	  1.0000
  0.0092	  0.0056	  0.0316	 -0.1928	  0.0000
  0.0096	  0.0056	  0.0277	 -0.2239	  0.0000
  0.0100	  0.0056	  0.0216	 -0.2542	  0.0000
  0.0104	  0.0056	  0.0015	 -0.2611	  1.0000
  0.0108	  0.0056	 -0.0063	 -0.2709	  0.0000
  0.0112	  0.0056	 -0.0140	 -0.2781	  0.0000
  0.0116	  0.0056	 -0.0200	 -0.2831	  1.0000
  0.0120	  0.0056	 -0.0229	 -0.2862	  0.0000
  0.0124	  0.0056	 -0.0228	 -0.2872	  1.0000
  0.0128	  0.0056	 -0.0214	 -0.2863	  1.0000
  0.0132	  0.0056	 -0.0210	 -0.2841	  1.0000
  0.0136	  0.0056	 -0.0226	 -0.2806	  1.0000
  0.0140	  0.0056	 -0.0256	 -0.2750	  0.0000
  0.0144	  0.0056	 -0.0298	 -0.2845	  0.0000
  0.0148	  0.0056	 -0.0328	 -0.2076	  0.0000
  0.0152	  0.0056	 -0.0147	 -0.1835	  0.0000
  0.0156	  0.0056	 -0.0067	 -0.1751	  0.0000
  0.0160	  0.0056	 -0.0196	 -0.1520	  1.0000
  0.0164	  0.0056	 -0.0182	 -0.1251	  1.0000
  0.0168	  0.0056	 -0.0183	 -0.1060	  1.0000
  0.0172	  0.0056	 -0.0275	 -0.0901	  0.0000
  0.0176	  0.0056	 -0.0234	 -0.0612	  0.0000
  0.0180	  0.0056	 -0.0165	 -0.0498	  0.0000
  0.0184	  0.0056	 -0.0170	 -0.0430	  0.0000
  0.0188	  0.0056	 -0.0079	 -0.0390	  1.0000
  0.0192	  0.0056	  0.0025	 -0.0333	  0.0000
  0.0196	  0.0056	  0.0076	 -0.0292	  0.0000
  0.0200	  0.0056	  0.0056	 -0.0289	  0.0000
  0.0204	  0.0056	 -0.0001	 -0.0421	  1.0000
  0.0208	  0.0056	 -0.0011	 -0.0502	  1.0000
  0.0212	  0.0056	 -0.0004	 -0.0619	  1.0000
  0.0216	  0.0056	  0.0014	 -0.0763	  1.0000
  0.0220	  0.0056	  0.0140	 -0.0929	  0.0000
  0.0224	  0.0056	  0.0212	 -0.1058	  0.0000
  0.0228	  0.0056	 -0.0082	 -0.1324	  0.0000
  0.0232	  0.0056	 -0.0122	 -0.1388	  0.0000
  0.0236	  0.0056	  0.0037	 -0.1789	  1.0000
  0.0240	  0.0056	  0.0303	 -0.2169	  0.0000
  0.0244	  0.0056	  0.0153	 -0.2147	  1.0000
  0.0004	  0.0062	 -0.0401	 -0.2301	  0.0000
  0.0008	  0.0062	 -0.0169	 -0.1895	  0.0000
  0.0012	  0.0062	 -0.0155	 -0.1790	  0.0000
  0.0016	  0.0062	 -0.0134	 -0.1587	  0.0000
  0.0020	  0.0062	 -0.0158	 -0.1262	  0.0000
  0.0024	  0.0062	 -0.0077	 -0.0906	  0.0000
  0.0028	  0.0062	 -0.0114	 -0.0874	  0.0000
  0.0032	  0.0062	 -0.0195	 -0.0838	  0.0000
  0.0036	  0.0062	  0.0042	 -0.0258	  0.0000
  0.0040	  0.0062	 -0.0108	 -0.0256	  0.0000
  0.0044	  0.0062	 -0.0128	 -0.0301	  0.0000
  0.0048	  0.0062	 -0.0050	 -0.0312	  0.0000
  0.0052	  0.0062	 -0.0057	 -0.0262	  0.0000
  0.0056	  0.0062	  0.0063	 -0.0183	  0.0000
  0.0060	  0.0062	  0.0030	 -0.0236	  0.0000
  0.0064	  0.0062	 -0.0016	 -0.0452	  0.0000
  0.0068	  0.0062	  0.0054	 -0.0565	  0.0000
  0.0072	  0.0062	  0.0001	 -0.0600	  0.0000
  0.0076	  0.0062	  0.0206	 -0.0853	  0.0000
  0.0080	  0.0062	  0.0095	 -0.1182	  0.0000
  0.0084	  0.0062	  0.0030	 -0.1333	  0.0000
  0.0088	  0.0062	  0.0062	 -0.1517	  0.0000
  0.0092	  0.0062	  0.0102	 -0.1876	  0.0000
  0.0096	  0.0062	  0.0057	 -0.2056	  0.0000
  0.0100	  0.0062	 -0.0020	 -0.2420	  1.0000
  0.0104	  0.0062	 -0.0077	 -0.2638	  0.0000
  0.0108	  0.0062	 -0.0157	 -0.2786	  0.0000
  0.0112	  0.0062	 -0.0218	 -0.2824	  0.0000
  0.0116	  0.0062	 -0.0247	 -0.2846	  0.0000
  0.0120	  0.0062	 -0.0239	 -0.2853	  1.0000
  0.0124	  0.0062	 -0.0205	 -0.2850	  0.0000
  0.0128	  0.0062	 -0.0166	 -0.2845	  1.0000
  0.0132	  0.0062	 -0.0144	 -0.2836	  1.0000
  0.0136	  0.0062	 -0.0146	 -0.2811	  0.0000
  0.0140	  0.0062	 -0.0171	 -0.2775	  1.0000
  0.0144	  0.0062	 -0.0182	 -0.2547	  1.0000
  0.0148	  0.0062	 -0.0180	 -0.2065	  0.0000
  0.0152	  0.0062	 -0.0117	 -0.1840	  0.0000
  0.0156	  0.0062	 -0.0048	 -0.1720	  0.0000
  0.0160	  0.0062	 -0.0068	 -0.1306	  0.0000
  0.0164	  0.0062	  0.0101	 -0.1099	  0.0000
  0.0168	  0.0062	  0.0113	 -0.0909	  0.0000
  0.0172	  0.0062	 -0.0010	 -0.0768	  0.0000
  0.0176	  0.0062	 -0.0075	 -0.0625	  1.0000
  0.0180	  0.0062	 -0.0044	 -0.0452	  1.0000
  0.0184	  0.0062	  0.0092	 -0.0342	  0.0000
  0.0188	  0.0062	 -0.0002	 -0.0233	  0.0000
  0.0192	  0.0062	 -0.0054	 -0.0183	  0.0000
  0.0196	  0.0062	 -0.0063	 -0.0162	  0.0000
  0.0200	  0.0062	  0.0018	 -0.0275	  1.0000
  0.0204	  0.0062	  0.0003	 -0.0358	  1.0000
  0.0208	  0.0062	 -0.0037	 -0.0461	  1.0000
  0.0212	  0.0062	 -0.0103	 -0.0580	  1.0000
  0.0216	  0.0062	 -0.0125	 -0.0705	  1.0000
  0.0220	  0.0062	 -0.0123	 -0.0826	  1.0000
  0.0224	  0.0062	 -0.0140	 -0.0869	  0.0000
  0.0228	  0.0062	 -0.0145	 -0.1183	  1.0000
  0.0232	  0.0062	 -0.0146	 -0.1410	  1.0000
  0.0236	  0.0062	 -0.0081	 -0.1539	  0.0000
  0.0240	  0.0062	 -0.0128	 -0.2022	  0.0000
  0.0244	  0.0062	 -0.0014	 -0.1951	  1.0000
  0.0004	  0.0067	 -0.0063	 -0.1789	  1.0000
  0.0008	  0.0067	 -0.0020	 -0.1554	  0.0000
  0.0012	  0.0067	  0.0011	 -0.1528	  0.0000
  0.0016	  0.0067	  0.0066	 -0.1405	  0.0000
  0.0020	  0.0067	 -0.0023	 -0.1129	  0.0000
  0.0024	  0.0067	  0.0041	 -0.0813	  0.0000
  0.0028	  0.0067	 -0.0017	 -0.0622	  0.0000
  0.0032	  0.0067	 -0.0091	 -0.0529	  0.0000
  0.0036	  0.0067	  0.0051	 -0.0285	  0.0000
  0.0040	  0.0067	 -0.0072	 -0.0216	  0.0000
  0.0044	  0.0067	 -0.0100	 -0.0221	  0.0000
  0.0048	  0.0067	 -0.0115	 -0.0196	  0.0000
  0.0052	  0.0067	 -0.0103	 -0.0227	  0.0000
  0.0056	  0.0067	 -0.0091	 -0.0256	  0.0000
  0.0060	  0.0067	 -0.0069	 -0.0305	  0.0000
  0.0064	  0.0067	 -0.0090	 -0.0404	  0.0000
  0.0068	  0.0067	 -0.0182	 -0.0500	  0.0000
  0.0072	  0.0067	 -0.0126	 -0.0658	  0.0000
  0.0076	  0.0067	 -0.0044	 -0.0910	  1.0000
  0.0080	  0.0067	  0.0036	 -0.1195	  0.0000
  0.0084	  0.0067	 -0.0176	 -0.1325	  0.0000
  0.0088	  0.0067	 -0.0125	 -0.1587	  0.0000
  0.0092	  0.0067	 -0.0124	 -0.2030	  0.0000
  0.0096	  0.0067	 -0.0304	 -0.2110	  0.0000
  0.0100	  0.0067	 -0.0169	 -0.2192	  0.0000
  0.0104	  0.0067	 -0.0175	 -0.2972	  0.0000
  0.0108	  0.0067	 -0.0258	 -0.2860	  0.0000
  0.0112	  0.0067	 -0.0294	 -0.2856	  1.0000
  0.0116	  0.0067	 -0.0286	 -0.2849	  1.0000
  0.0120	  0.0067	 -0.0230	 -0.2820	  1.0000
  0.0124	  0.0067	 -0.0171	 -0.2810	  1.0000
  0.0128	  0.0067	 -0.0120	 -0.2814	  1.0000
  0.0132	  0.0067	 -0.0086	 -0.2822	  1.0000
  0.0136	  0.0067	 -0.0071	 -0.2835	  1.0000
  0.0140	  0.0067	 -0.0071	 -0.2766	  1.0000
  0.0144	  0.0067	 -0.0148	 -0.2800	  0.0000
  0.0148	  0.0067	 -0.0011	 -0.2283	  0.0000
  0.0152	  0.0067	  0.0055	 -0.1965	  0.0000
  0.0156	  0.0067	  0.0032	 -0.1738	  0.0000
  0.0160	  0.0067	 -0.0034	 -0.1381	  0.0000
  0.0164	  0.0067	  0.0119	 -0.1134	  0.0000
  0.0168	  0.0067	  0.0147	 -0.0922	  0.0000
  0.0172	  0.0067	  0.0030	 -0.0778	  0.0000
  0.0176	  0.0067	  0.0043	 -0.0591	  1.0000
  0.0180	  0.0067	  0.0057	 -0.0402	  1.0000
  0.0184	  0.0067	  0.0096	 -0.0118	  0.0000
  0.0188	  0.0067	  0.0135	 -0.0164	  0.0000
  0.0192	  0.0067	  0.0050	 -0.0129	  0.0000
  0.0196	  0.0067	 -0.0014	 -0.0184	  1.0000
  0.0200	  0.0067	 -0.0015	 -0.0240	  1.0000
  0.0204	  0.0067	  0.0092	 -0.0267	  0.0000
  0.0208	  0.0067	 -0.0087	 -0.0425	  1.0000
  0.0212	  0.0067	 -0.0190	 -0.0534	  1.0000
  0.0216	  0.0067	 -0.0387	 -0.0638	  0.0000
  0.0220	  0.0067	 -0.0348	 -0.0751	  0.0000
  0.0224	  0.0067	 -0.0346	 -0.0896	  0.0000
  0.0228	  0.0067	 -0.0274	 -0.1162	  1.0000
  0.0232	  0.0067	 -0.0260	 -0.1359	  1.0000
  0.0236	  0.0067	 -0.0237	 -0.1538	  1.0000
  0.0240	  0.0067	 -0.0209	 -0.1661	  1.0000
  0.0244	  0.0067	 -0.0191	 -0.1741	  1.0000
  0.0004	  0.0073	  0.0121	 -0.1631	  1.0000
  0.0008	  0.0073	  0.0155	 -0.1564	  1.0000
  0.0012	  0.0073	  0.0198	 -0.1425	  1.0000
  0.0016	  0.0073	  0.0147	 -0.1210	  0.0000
  0.0020	  0.0073	  0.0070	 -0.1139	  0.0000
  0.0024	  0.0073	  0.0062	 -0.0781	  0.0000
  0.0028	  0.0073	  0.0099	 -0.0453	  0.0000
  0.0032	  0.0073	  0.0034	 -0.0428	  0.0000
  0.0036	  0.0073	 -0.0028	 -0.0412	  0.0000
  0.0040	  0.0073	  0.0049	 -0.0274	  0.0000
  0.0044	  0.0073	  0.0012	 -0.0191	  1.0000
  0.0048	  0.0073	  0.0003	 -0.0078	  0.0000
  0.0052	  0.0073	 -0.0060	 -0.0136	  0.0000
  0.0056	  0.0073	 -0.0060	 -0.0215	  0.0000
  0.0060	  0.0073	 -0.0037	 -0.0251	  0.0000
  0.0064	  0.0073	 -0.0088	 -0.0288	  0.0000
  0.0068	  0.0073	 -0.0169	 -0.0526	  1.0000
  0.0072	  0.0073	 -0.0173	 -0.0684	  0.0000
  0.0076	  0.0073	 -0.0155	 -0.0966	  0.0000
  0.0080	  0.0073	 -0.0232	 -0.1139	  1.0000
  0.0084	  0.0073	 -0.0265	 -0.1322	  1.0000
  0.0088	  0.0073	 -0.0371	 -0.1485	  0.0000
  0.0092	  0.0073	 -0.0485	 -0.1847	  0.0000
  0.0096	  0.0073	 -0.0509	 -0.2089	  0.0000
  0.0100	  0.0073	 -0.0228	 -0.2395	  0.0000
  0.0104	  0.0073	 -0.0279	 -0.2946	  0.0000
  0.0108	  0.0073	 -0.0347	 -0.2846	  0.0000
  0.0112	  0.0073	 -0.0476	 -0.2976	  0.0000
  0.0116	  0.0073	 -0.0294	 -0.2811	  1.0000
  0.0120	  0.0073	 -0.0196	 -0.2756	  0.0000
  0.0124	  0.0073	 -0.0127	 -0.2754	  0.0000
  0.0128	  0.0073	 -0.0076	 -0.2776	  1.0000
  0.0132	  0.0073	 -0.0040	 -0.2799	  1.0000
  0.0136	  0.0073	 -0.0006	 -0.2810	  1.0000
  0.0140	  0.0073	  0.0037	 -0.3000	  0.0000
  0.0144	  0.0073	  0.0092	 -0.2506	  1.0000
  0.0148	  0.0073	  0.0158	 -0.2190	  1.0000
  0.0152	  0.0073	  0.0237	 -0.1858	  1.0000
  0.0156	  0.0073	  0.0245	 -0.1568	  1.0000
  0.0160	  0.0073	  0.0255	 -0.1293	  1.0000
  0.0164	  0.0073	  0.0238	 -0.1049	  1.0000
  0.0168	  0.0073	  0.0212	 -0.0877	  1.0000
  0.0172	  0.0073	  0.0161	 -0.0782	  0.0000
  0.0176	  0.0073	  0.0117	 -0.0557	  1.0000
  0.0180	  0.0073	  0.0105	 -0.0365	  1.0000
  0.0184	  0.0073	  0.0121	 -0.0163	  0.0000
  0.0188	  0.0073	  0.0068	 -0.0152	  1.0000
  0.0192	  0.0073	  0.0031	 -0.0105	  0.0000
  0.0196	  0.0073	 -0.0039	 -0.0168	  1.0000
  0.0200	  0.0073	 -0.0053	 -0.0224	  1.0000
  0.0204	  0.0073	 -0.0077	 -0.0306	  1.0000
  0.0208	  0.0073	 -0.0138	 -0.0403	  1.0000
  0.0212	  0.0073	 -0.0251	 -0.0511	  1.0000
  0.0216	  0.0073	 -0.0396	 -0.0561	  0.0000
  0.0220	  0.0073	 -0.0372	 -0.0772	  1.0000
  0.0224	  0.0073	 -0.0371	 -0.0956	  1.0000
  0.0228	  0.0073	 -0.0437	 -0.1245	  0.0000
  0.0232	  0.0073	 -0.0345	 -0.1372	  0.0000
  0.0236	  0.0073	 -0.0418	 -0.1425	  0.0000
  0.0240	  0.0073	 -0.0310	 -0.1507	  1.0000
  0.0244	  0.0073	 -0.0290	 -0.1549	  1.0000
  0.0004	  0.0078	  0.0262	 -0.1572	  1.0000
  0.0008	  0.0078	  0.0270	 -0.1675	  0.0000
  0.0012	  0.0078	  0.0463	 -0.1338	  0.0000
  0.0016	  0.0078	  0.0490	 -0.1129	  0.0000
  0.0020	  0.0078	  0.0433	 -0.0794	  0.0000
  0.0024	  0.0078	  0.0321	 -0.0629	  0.0000
  0.0028	  0.0078	  0.0264	 -0.0580	  0.0000
  0.0032	  0.0078	  0.0137	 -0.0480	  0.0000
  0.0036	  0.0078	  0.0078	 -0.0349	  0.0000
  0.0040	  0.0078	  0.0085	 -0.0261	  0.0000
  0.0044	  0.0078	  0.0157	 -0.0170	  0.0000
  0.0048	  0.0078	  0.0086	 -0.0111	  0.0000
  0.0052	  0.0078	 -0.0060	 -0.0148	  0.0000
  0.0056	  0.0078	 -0.0069	 -0.0134	  0.0000
  0.0060	  0.0078	 -0.0158	 -0.0153	  0.0000
  0.0064	  0.0078	 -0.0175	 -0.0304	  0.0000
  0.0068	  0.0078	 -0.0186	 -0.0618	  0.0000
  0.0072	  0.0078	 -0.0333	 -0.0754	  0.0000
  0.0076	  0.0078	 -0.0470	 -0.0937	  0.0000
  0.0080	  0.0078	 -0.0367	 -0.1104	  1.0000
  0.0084	  0.0078	 -0.0416	 -0.1356	  0.0000
  0.0088	  0.0078	 -0.0470	 -0.1387	  0.0000
  0.0092	  0.0078	 -0.0547	 -0.1648	  0.0000
  0.0096	  0.0078	 -0.0710	 -0.1956	  0.0000
  0.0100	  0.0078	 -0.0487	 -0.2200	  0.0000
  0.0104	  0.0078	 -0.0374	 -0.2473	  1.0000
  0.0108	  0.0078	 -0.0461	 -0.2784	  0.0000
  0.0112	  0.0078	 -0.0443	 -0.2888	  0.0000
  0.0116	  0.0078	 -0.0246	 -0.2684	  1.0000
  0.0120	  0.0078	 -0.0140	 -0.2650	  0.0000
  0.0124	  0.0078	 -0.0052	 -0.2677	  0.0000
  0.0128	  0.0078	 -0.0048	 -0.2745	  1.0000
  0.0132	  0.0078	 -0.0009	 -0.2771	  1.0000
  0.0136	  0.0078	  0.0040	 -0.2771	  1.0000
  0.0140	  0.0078	  0.0105	 -0.2649	  1.0000
  0.0144	  0.0078	  0.0201	 -0.2405	  1.0000
  0.0148	  0.0078	  0.0453	 -0.1935	  0.0000
  0.0152	  0.0078	  0.0371	 -0.1763	  1.0000
  0.0156	  0.0078	  0.0586	 -0.1428	  0.0000
  0.0160	  0.0078	  0.0454	 -0.1124	  0.0000
  0.0164	  0.0078	  0.0401	 -0.0919	  0.0000
  0.0168	  0.0078	  0.0346	 -0.0744	  0.0000
  0.0172	  0.0078	  0.0251	 -0.0684	  0.0000
  0.0176	  0.0078	  0.0158	 -0.0489	  0.0000
  0.0180	  0.0078	  0.0127	 -0.0366	  1.0000
  0.0184	  0.0078	  0.0123	 -0.0233	  0.0000
  0.0188	  0.0078	  0.0045	 -0.0174	  1.0000
  0.0192	  0.0078	 -0.0060	 -0.0132	  0.0000
  0.0196	  0.0078	 -0.0157	 -0.0133	  0.0000
  0.0200	  0.0078	 -0.0103	 -0.0222	  1.0000
  0.0204	  0.0078	 -0.0130	 -0.0304	  1.0000
  0.0208	  0.0078	 -0.0189	 -0.0402	  1.0000
  0.0212	  0.0078	 -0.0270	 -0.0507	  1.0000
  0.0216	  0.0078	 -0.0336	 -0.0636	  1.0000
  0.0220	  0.0078	 -0.0377	 -0.0782	  1.0000
  0.0224	  0.0078	 -0.0398	 -0.0951	  1.0000
  0.0228	  0.0078	 -0.0406	 -0.1084	  1.0000
  0.0232	  0.0078	 -0.0411	 -0.1209	  1.0000
  0.0236	  0.0078	 -0.0391	 -0.1307	  1.0000
  0.0240	  0.0078	 -0.0371	 -0.1397	  1.0000
  0.0244	  0.0078	 -0.0353	 -0.1434	  1.0000
  0.0004	  0.0084	  0.0324	 -0.1559	  1.0000
  0.0008	  0.0084	  0.0439	 -0.1430	  0.0000
  0.0012	  0.0084	  0.0539	 -0.1183	  0.0000
  0.0016	  0.0084	  0.0575	 -0.0971	  0.0000
  0.0020	  0.0084	  0.0610	 -0.0678	  0.0000
  0.0024	  0.0084	  0.0512	 -0.0590	  0.0000
  0.0028	  0.0084	  0.0332	 -0.0581	  0.0000
  0.0032	  0.0084	  0.0087	 -0.0442	  0.0000
  0.0036	  0.0084	  0.0108	 -0.0271	  0.0000
  0.0040	  0.0084	  0.0164	 -0.0193	  0.0000
  0.0044	  0.0084	  0.0224	 -0.0163	  0.0000
  0.0048	  0.0084	  0.0105	 -0.0173	  0.0000
  0.0052	  0.0084	  0.0023	 -0.0207	  0.0000
  0.0056	  0.0084	 -0.0059	 -0.0271	  0.0000
  0.0060	  0.0084	 -0.0214	 -0.0307	  0.0000
  0.0064	  0.0084	 -0.0189	 -0.0384	  1.0000
  0.0068	  0.0084	 -0.0211	 -0.0539	  0.0000
  0.0072	  0.0084	 -0.0413	 -0.0641	  0.0000
  0.0076	  0.0084	 -0.0521	 -0.0745	  0.0000
  0.0080	  0.0084	 -0.0442	 -0.1084	  1.0000
  0.0084	  0.0084	 -0.0436	 -0.1280	  1.0000
  0.0088	  0.0084	 -0.0485	 -0.1470	  1.0000
  0.0092	  0.0084	 -0.0555	 -0.1678	  1.0000
  0.0096	  0.0084	 -0.0562	 -0.1933	  1.0000
  0.0100	  0.0084	 -0.0511	 -0.2181	  1.0000
  0.0104	  0.0084	 -0.0419	 -0.2344	  1.0000
  0.0108	  0.0084	 -0.0259	 -0.2083	  0.0000
  0.0112	  0.0084	 -0.0285	 -0.2541	  1.0000
  0.0116	  0.0084	 -0.0017	 -0.2271	  0.0000
  0.0120	  0.0084	 -0.0106	 -0.2589	  1.0000
  0.0124	  0.0084	 -0.0075	 -0.2676	  1.0000
  0.0128	  0.0084	 -0.0034	 -0.2729	  1.0000
  0.0132	  0.0084	  0.0004	 -0.2756	  1.0000
  0.0136	  0.0084	  0.0059	 -0.2719	  1.0000
  0.0140	  0.0084	  0.0136	 -0.2585	  1.0000
  0.0144	  0.0084	  0.0253	 -0.2325	  1.0000
  0.0148	  0.0084	  0.0349	 -0.2027	  1.0000
  0.0152	  0.0084	  0.0449	 -0.1709	  1.0000
  0.0156	  0.0084	  0.0474	 -0.1403	  1.0000
  0.0160	  0.0084	  0.0499	 -0.1001	  0.0000
  0.0164	  0.0084	  0.0402	 -0.0910	  1.0000
  0.0168	  0.0084	  0.0309	 -0.0761	  1.0000
  0.0172	  0.0084	  0.0145	 -0.0549	  0.0000
  0.0176	  0.0084	  0.0163	 -0.0491	  1.0000
  0.0180	  0.0084	  0.0133	 -0.0369	  1.0000
  0.0184	  0.0084	  0.0092	 -0.0266	  1.0000
  0.0188	  0.0084	  0.0030	 -0.0192	  1.0000
  0.0192	  0.0084	 -0.0048	 -0.0158	  1.0000
  0.0196	  0.0084	 -0.0098	 -0.0168	  1.0000
  0.0200	  0.0084	 -0.0127	 -0.0219	  1.0000
  0.0204	  0.0084	 -0.0151	 -0.0302	  1.0000
  0.0208	  0.0084	 -0.0206	 -0.0401	  1.0000
  0.0212	  0.0084	 -0.0273	 -0.0516	  1.0000
  0.0216	  0.0084	 -0.0334	 -0.0646	  1.0000
  0.0220	  0.0084	 -0.0375	 -0.0790	  1.0000
  0.0224	  0.0084	 -0.0399	 -0.0930	  1.0000
  0.0228	  0.0084	 -0.0417	 -0.1030	  1.0000
  0.0232	  0.0084	 -0.0457	 -0.0968	  0.0000
  0.0236	  0.0084	 -0.0407	 -0.1242	  1.0000
  0.0240	  0.0084	 -0.0386	 -0.1348	  1.0000
  0.0244	  0.0084	 -0.0378	 -0.1386	  1.0000
